0.006233035
0.004396044
-0.030339202
0.004924087
0.001837485
-0.014774811
-0.004343779
-0.005089851
-0.003027772
0.012462038
0.001344642
-0.001239541
-0.010962871
-0.008261006
0.011176719
0.021480709
-0.005206207
-0.000410467
0.025048763
0.006509765
0.01800995
0.00860131
0.009884679
0.02370214
0.026902887
0.012505705
0.013433105
0.004803843
-0.013457282
0.002153819
0.002417838
0.03001608
0.01274935
0.025948446
0.026043406
-0.027416206
-0.01455458
0.008148714
0.013555612
-0.028742316
0.029678413
0.010549049
0.01857636
0.02848612
0.025970969
0.032425818
-0.009333333
-0.014954389
0.033247305
-0.005583309
0.023788416
-0.004257469
0.004782955
0.037432384
-0.008412125
-0.060576316
0.006866184
0.041731525
-0.019282766
0.002104041
0.009629308
0.011473646
0.0157391
0.012703287
-0.041836102
-0.006545821
0.007095793
0.013444532
0.027809308
0.003244064
0.011007912
-0.016808438
0.01280454
0.007312239
-0.011058345
-0.006242711
0.02388513
0.016248652
0.00630266
-0.018064346
0.019403787
-0.016663374
-0.011721366
0.005557438
0.011660039
-0.004397069
-6.69165E-05
-0.013518035
-0.00576623
-0.001228166
0.002527668
0.015332198
0.019261745
0.011457167
0.006119393
0.013523132
-0.011874362
-0.003941078
0.020821171
-0.001143729
0.005788804
-0.013724622
-0.005386687
0.018375242
0.021462488
0.005268377
0.010049941
0.034489073
0.00259633
0.031192985
0.010273386
0.011637761
-0.019377897
-0.016400911
0.006194998
0.006847344
0.013830152
-0.001803833
-0.015925006
0.075576724
0.05431361
-0.036587217
-0.004517281
0.030075981
-0.022589899
-0.017975997
-0.00064041
0.007316031
0.008747283
0.011036367
0
0.019960495
-0.039700336
0.022183304
0.00643788
-0.012587052
0.016038869
0.027663513
0.030021015
0.011172642
0.032523059
0.000325687
-9.30233E-05
-0.008698484
-0.033597673
0.000339888
-0.001650325
-9.72384E-05
0.015851405
0.025416427
-0.004014377
0.029666776
0.047655894
0.018768736
-0.0135187
0.010072627
0.017248021
0.009298216
-0.00946267
-0.01557108
0.025265048
0.027311012
-0.003937008
0.013650625
-0.000602991
-0.002011182
-0.003022853
0.009864166
-0.007886309
-0.014889239
0.010895388
0.004254457
0.014121444
-0.031430277
-0.024317108
-0.004588894
-0.011207917
0.015526755
0.008802965
-0.008726149
-0.018995872
0.026619724
0.005353185
-0.005407879
0.0082814
0.018791222
-0.00228013
-0.002897486
0.018376785
-0.01061008
0.01604517
0.012993244
0.001775989
0.040105582
-0.022840044
0.008644081
-0.005918297
-0.001778328
-0.016343286
0.012165833
0.002489497
0.014628279
-0.005851084
-0.004116018
-0.003244621
0.031505522
0.014877151
-0.000222107
-0.000740521
-0.000778124
0.029146735
0.003242893
-0.008512014
0.000326016
-0.014267608
-0.040226296
-0.001798974
0.001533801
0.007695547
0.000379939
0.011279909
0.008675405
-0.005808325
0.003819939
0.014661991
-0.013714748
-0.001792797
-0.002828289
0.002079012
-0.021559152