-0.003987594
-0.048265125
-0.06940874
-0.008119873
0.128871635
0.057790072
0.024878083
-0.026756775
-0.040742578
-0.018909736
-0.010239422
-0.004792332
0.027975235
-0.001710164
-0.02346194
0.023186637
-0.051733135
0.043550035
-0.001054614
-0.023075183
-0.025935932
-0.017354782
0.058870968
0.106930693
-0.047337278
0.001372237
0.022935449
0.015723049
0.035610162
0.019304243
-0.024002104
0.045479046
0.071083328
0.050902527
0.066758273
0.015886647
0.018279797
0.004980803
0.034692824
0.012872967
0.040935961
-0.020112631
0.000193181
-0.031916948
0.005287047
0.0362193
-0.000430931
0.012023376
-0.003123965
0.027966383
-0.011593533
-0.013318379
-0.008667235
-0.037408628
0.013500099
0.054799216
0.022424439
0.029924621
0.05105595
0.017240656
0.012865979
0.029028581
-0.025400593
0.019404863
0.022340807
0.063610159
0.007910639
-0.004105955
0.023752189
0.000605866
0.024362445
0.025799722
0.032879127
0.007449462
0.047819147
0.024341717
0.005432473
-0.010987352
0.018770029
0.004523667
0.020518326
-0.002863906
0.01676387
0.014412129
0.009007473
0.021824838
0.006035552
-0.003999562
-0.032867594
-0.004550237
0.014541611
-0.002731471
-0.005619088
-0.02819741
0.033369371
0.010660257
0.018913323
0.039211379
0.01371347
-0.00860159
-0.007072433
-0.005428163
0.0239344
-0.00226209
0.004221718
0.021564811
0.017477011
-0.009612024
0.002722529
0.014782412
-0.005648458
0.002939931
0.020320457
0.027268522
0.029625767
0.019404737
-0.01083864
0.00461124
0.023018542
0.006907887
0.001058855
-0.012450419
0.002900814
0.000912226
-0.010425466
0.032347193
0.017081185
0.011317445
-0.015929428
0.004578873
0.004493805
0.020557721
0.014090093
0.01265927
0.017115213
0.012330629
0.012970092
0.006879482
-0.000154844
0.014383336
0.022633588
0.020621058
0.009471394
0.009799127
0.032681614
-0.01248871
0.009586126
-0.004285864
0.004986702
0.022337518
0.015650545
0.026693942
0.007757508
0.012138204
-0.017788808
0.001597548
0.01845643
0.023299668
0.022956554
0.00349597
0.007697808
0.001177554
0.024277335
0.00724307
0.024861515
0.002381631
0.005036493
-0.012273326
0.005876114
0.019406132
-0.02360719
-0.030691269
-0.009628875
-0.003683214
-0.002454575
0.025251313
0.001126835
-0.018637626
-0.002293885
-0.001642257
0.008269654
0.021209065
0.028829117
0.008159347
0.016872733
0.047134477
0.009007824
-0.004418089
0.016114464
0.01185231
0.013012146
0.019141823
0.016476131
0.006454509
-0.02375987
-0.008520202
-0.008294518
-0.001745617
0.014668696
0.001934164
-0.003081264
0.021201063
0.027300352
0.021368735
-0.013808763
0.001409609
0.004187683
-0.015571157
0.015152953
0.011326577
0.014158576
0.036594678
-0.014765381
0.017497461
0.01267808
0.005642375
0.010596825
0.011860361
-0.00032647
0.003697695
0.006318552
0.011869374
0.00739061
-0.00094135
0.004680459
0.032396505
-0.015423352
0.018844083
0.002903772
0.009883498
-0.023733162
0.007078007
0.002925971
-0.013374861
-0.005214681
-0.00553324
-0.002433631
0.010861643
0.004596389
0.001066587
-0.00529738
-0.0035237
0.009272375
0.008520295
-0.008783877
-0.003723913
0.025115433
0.012128184
0.012512643
0.005479765
0.000246002
0.011871429
0.018640566
0.02862387
0.00844902
0.006139909
-0.003271049
0.008874931
0.005001793
0.027103218
0.012986463
-0.003353432
0.024610247
-0.008451327
-0.007234946
0.008485645
0.006599408
-0.018578465
0.012608972
0.014068247
9.75832E-05
-0.003634619
0.026522601
0.019071923
-0.013425803
0.015632784
0.030535183
0.004208093
0.020546039
0.000427565
0.019961683
0.032408846
-0.002288233
-0.043435874
0.008314697
0.035805961
-0.010516487
0.005079996
0.011386338
0.010483409
0.012453722
0.009442007
-0.031440293
-0.007236011
0.004414018
0.012442093
0.02377661
0.00615717
0.009763004
-0.010173636
0.013681893
0.007967204
-0.005959382
-0.013252694
0.012968483
0.013748091
0.008199609
-0.00987338
0.015304089
-0.016141801
-0.011546135
0.005876903
0.01011264
-0.002103892
0.004516912
-0.014094117
-0.003499753
-0.001686575
0.001258787
0.014610035
0.018632163
0.011453705
0.008089478
0.014661468
-0.00909676
7.4941E-05
0.020594737
-0.005733131
0.00733543
-0.009994441
-0.0048934
0.002313006
0.008092307
0.00770208
0.01200989
0.005987844
0.001579278
0.010177448
0.001111551
-0.012703681
0.009146378
-0.009543625
-0.006397788
-0.007475003
0.00719145
-0.077691548
-0.064441105
0.040689636
0.067964813
0.004536259
-0.019676766
-0.004127908
0.034716928
0.03903783
0.027315794
0.043173104
0.018338319
0.017751447
0.007028236
0.014304665
-0.007805196
0.016315511
0.003552416
0.002989661
0.018200166
-0.005509334
0.021311065
0.019590378
0.01983235
0.006992334
0.001180395
-0.008114597
-0.009172325
0.001991326
0.007925236
-0.001336937
0.017196379
0.014443903
-0.008764152
0.025216098
0.000652094
0.002551606
0.01787529
-0.019598584
0.021375657
0.022140884
0.008418463
-0.009659668
0.013959893
0.007545549
0.003548573
0.028773119
0.002223288
0.007021326
0.012878428
-0.001591376
-0.000637565
-0.008894796
0.007699608
0.000192453
0.018259008
-0.02343571
-0.027604634
0.00833231
-0.007024778
0.006947616
0.014786228
-0.001982222
-0.001633709
0.018124805
0.010398182
0.000666161
0.011978875
0.01367105
0.000778758
-0.000558069
0.014423512
-0.014427755
0.010237834
0.006739185
0.000607146
0.030338868
-0.010135262
0.003190699
-0.007003256
-0.006527693
-0.018379256
0.006752118
-0.005920301
0.007456142
0.004178273
-0.002188319
-0.007795608
0.00354512
0.008077275
0.027738136
0.013691247
-0.000771685
0.022510688
0.014610489
0.001958955
-0.002477676
-0.008135702
-0.026827673
0.006693371
0.003080557
0.011469081
-0.002324194
0.010684318
0.011496231
0.003058462
0.007313686
0.007765669
-0.00173677
0.004037432
-0.001454992
0.009121733
-0.00955965