        0.86
        1.05
        0.85
        1.14
        0.98
        1.01
        1.04
        1.11
        1.34
        1.23
        1.11
        1.17
        1.23
        1.06
        0.98
        1.25
        1.22
        0.98
        0.88
        1.03
        1.39
        1.01
        1.02
        0.97
        1.05
        1.13
        0.68
        0.80
        0.92
        1.23
        1.09
        1.22
        1.08
        1.31
        1.18
        1.23
        1.27
        1.34
        1.48
        1.40
        1.31
        1.31
        1.39
        1.26
        1.18
        1.41
        1.42
        1.20
        1.08
        1.22
        1.48
        1.24
        1.21
        1.21
        1.27
        1.31
        0.95
        1.08
        1.17
        1.39
        0.68
        0.83
        0.66
        0.89
        0.77
        0.79
        0.82
        0.87
        1.07
        0.97
        0.87
        0.92
        0.97
        0.83
        0.77
        0.99
        0.96
        0.76
        0.69
        0.81
        1.10
        0.79
        0.80
        0.76
        0.83
        0.89
        0.53
        0.63
        0.72
        0.97
        0.85
        1.03
        0.83
        1.12
        0.96
        0.99
        1.02
        1.09
        1.32
        1.21
        1.09
        1.15
        1.21
        1.04
        0.96
        1.23
        1.20
        0.96
        0.87
        1.01
        1.36
        0.99
        1.01
        0.96
        1.04
        1.11
        0.67
        0.79
        0.91
        1.21
        0.86
        1.05
        0.84
        1.13
        0.98
        1.01
        1.04
        1.11
        1.34
        1.23
        1.10
        1.16
        1.23
        1.05
        0.98
        1.25
        1.22
        0.97
        0.88
        1.02
        1.38
        1.00
        1.02
        0.97
        1.05
        1.13
        0.68
        0.80
        0.92
        1.23
        1.20
        1.27
        1.21
        1.36
        1.27
        1.32
        1.37
        1.44
        1.48
        1.45
        1.39
        1.34
        1.42
        1.34
        1.26
        1.45
        1.49
        1.31
        1.16
        1.29
        1.43
        1.35
        1.27
        1.32
        1.36
        1.36
        1.12
        1.24
        1.30
        1.41
        0.94
        1.15
        0.92
        1.23
        1.07
        1.10
        1.13
        1.21
        1.46
        1.33
        1.20
        1.27
        1.33
        1.15
        1.07
        1.35
        1.32
        1.06
        0.96
        1.12
        1.51
        1.10
        1.12
        1.06
        1.15
        1.22
        0.74
        0.87
        1.01
        1.33
        0.88
        1.07
        0.86
        1.16
        1.00
        1.03
        1.06
        1.14
        1.37
        1.25
        1.13
        1.19
        1.26
        1.08
        1.00
        1.28
        1.25
        1.00
        0.90
        1.05
        1.41
        1.03
        1.05
        0.99
        1.08
        1.15
        0.69
        0.82
        0.94
        1.26
        0.63
        0.77
        0.62
        0.83
        0.72
        0.74
        0.76
        0.81
        0.99
        0.90
        0.81
        0.85
        0.91
        0.77
        0.71
        0.92
        0.90
        0.71
        0.64
        0.75
        1.03
        0.73
        0.75
        0.71
        0.77
        0.82
        0.49
        0.58
        0.67
        0.91
        0.80
        0.98
        0.78
        1.06
        0.91
        0.94
        0.97
        1.03
        1.25
        1.15
        1.03
        1.08
        1.15
        0.98
        0.91
        1.17
        1.14
        0.90
        0.82
        0.95
        1.29
        0.93
        0.95
        0.90
        0.98
        1.05
        0.63
        0.74
        0.86
        1.15
        0.95
        1.16
        0.93
        1.25
        1.08
        1.11
        1.14
        1.22
        1.47
        1.34
        1.21
        1.28
        1.35
        1.16
        1.08
        1.37
        1.34
        1.07
        0.97
        1.13
        1.52
        1.11
        1.13
        1.07
        1.16
        1.24
        0.75
        0.88
        1.02
        1.35
        1.02
        1.19
        1.01
        1.28
        1.14
        1.17
        1.21
        1.28
        1.48
        1.38
        1.27
        1.30
        1.37
        1.22
        1.13
        1.40
        1.38
        1.14
        1.03
        1.18
        1.51
        1.18
        1.17
        1.14
        1.22
        1.28
        0.85
        0.98
        1.10
        1.37
        0.72
        0.88
        0.70
        0.95
        0.82
        0.84
        0.87
        0.93
        1.13
        1.03
        0.92
        0.98
        1.03
        0.88
        0.82
        1.05
        1.02
        0.81
        0.73
        0.86
        1.17
        0.84
        0.85
        0.81
        0.88
        0.94
        0.56
        0.66
        0.77
        1.03
        0.89
        1.08
        0.87
        1.17
        1.01
        1.04
        1.07
        1.14
        1.37
        1.26
        1.14
        1.20
        1.26
        1.08
        1.01
        1.28
        1.25
        1.00
        0.91
        1.05
        1.42
        1.03
        1.05
        1.00
        1.08
        1.16
        0.70
        0.82
        0.95
        1.26
        1.08
        1.22
        1.08
        1.31
        1.18
        1.23
        1.27
        1.34
        1.48
        1.40
        1.31
        1.31
        1.39
        1.26
        1.18
        1.41
        1.42
        1.20
        1.08
        1.22
        1.49
        1.24
        1.21
        1.20
        1.27
        1.31
        0.94
        1.07
        1.17
        1.39
        0.81
        0.99
        0.79
        1.07
        0.92
        0.94
        0.97
        1.04
        1.26
        1.16
        1.04
        1.10
        1.16
        0.99
        0.92
        1.18
        1.15
        0.91
        0.83
        0.96
        1.30
        0.94
        0.96
        0.91
        0.99
        1.06
        0.64
        0.75
        0.86
        1.16
        0.94
        1.14
        0.92
        1.23
        1.07
        1.10
        1.13
        1.21
        1.45
        1.33
        1.20
        1.26
        1.33
        1.15
        1.07
        1.35
        1.32
        1.06
        0.96
        1.12
        1.50
        1.09
        1.11
        1.06
        1.15
        1.22
        0.74
        0.87
        1.00
        1.33
        0.98
        1.18
        0.97
        1.27
        1.11
        1.14
        1.18
        1.25
        1.48
        1.36
        1.24
        1.29
        1.36
        1.19
        1.10
        1.38
        1.36
        1.10
        1.00
        1.15
        1.52
        1.14
        1.15
        1.10
        1.19
        1.26
        0.79
        0.92
        1.05
        1.36
        1.02
        1.19
        1.01
        1.28
        1.13
        1.17
        1.21
        1.28
        1.48
        1.38
        1.27
        1.30
        1.37
        1.21
        1.13
        1.40
        1.38
        1.14
        1.03
        1.18
        1.51
        1.18
        1.17
        1.14
        1.22
        1.28
        0.85
        0.98
        1.09
        1.37
        0.86
        1.04
        0.84
        1.13
        0.97
        1.00
        1.03
        1.10
        1.33
        1.22
        1.10
        1.16
        1.22
        1.04
        0.97
        1.24
        1.21
        0.97
        0.87
        1.02
        1.37
        1.00
        1.01
        0.96
        1.04
        1.12
        0.67
        0.79
        0.91
        1.22
        0.88
        1.07
        0.86
        1.15
        1.00
        1.02
        1.06
        1.13
        1.36
        1.25
        1.12
        1.18
        1.25
        1.07
        1.00
        1.27
        1.24
        0.99
        0.90
        1.04
        1.40
        1.02
        1.04
        0.99
        1.07
        1.15
        0.69
        0.81
        0.94
        1.25
        1.17
        1.25
        1.18
        1.34
        1.24
        1.30
        1.34
        1.41
        1.47
        1.43
        1.37
        1.33
        1.40
        1.32
        1.24
        1.43
        1.47
        1.28
        1.14
        1.27
        1.43
        1.32
        1.25
        1.29
        1.34
        1.34
        1.08
        1.21
        1.27
        1.40
        0.71
        0.86
        0.69
        0.94
        0.81
        0.83
        0.86
        0.91
        1.12
        1.02
        0.91
        0.96
        1.02
        0.87
        0.81
        1.04
        1.01
        0.80
        0.72
        0.84
        1.16
        0.83
        0.84
        0.80
        0.87
        0.93
        0.56
        0.66
        0.76
        1.02
        0.59
        0.72
        0.58
        0.78
        0.67
        0.69
        0.71
        0.76
        0.93
        0.85
        0.76
        0.80
        0.85
        0.72
        0.67
        0.87
        0.84
        0.67
        0.60
        0.70
        0.97
        0.69
        0.70
        0.67
        0.72
        0.78
        0.46
        0.55
        0.63
        0.85
        1.06
        1.21
        1.05
        1.30
        1.16
        1.20
        1.24
        1.31
        1.48
        1.39
        1.29
        1.31
        1.38
        1.24
        1.16
        1.41
        1.40
        1.18
        1.06
        1.20
        1.49
        1.21
        1.19
        1.18
        1.25
        1.29
        0.91
        1.04
        1.14
        1.38
        0.74
        0.90
        0.73
        0.98
        0.84
        0.87
        0.89
        0.96
        1.17
        1.06
        0.95
        1.01
        1.06
        0.91
        0.84
        1.08
        1.06
        0.84
        0.76
        0.88
        1.20
        0.86
        0.88
        0.84
        0.91
        0.97
        0.58
        0.69
        0.79
        1.06
        0.80
        0.97
        0.78
        1.05
        0.91
        0.93
        0.96
        1.03
        1.25
        1.14
        1.02
        1.08
        1.14
        0.97
        0.90
        1.16
        1.13
        0.90
        0.81
        0.95
        1.29
        0.93
        0.94
        0.90
        0.97
        1.04
        0.63
        0.74
        0.85
        1.14
        0.65
        0.80
        0.64
        0.86
        0.74
        0.76
        0.79
        0.84
        1.03
        0.94
        0.84
        0.89
        0.94
        0.80
        0.74
        0.96
        0.93
        0.74
        0.67
        0.78
        1.07
        0.76
        0.78
        0.74
        0.80
        0.86
        0.51
        0.60
        0.70
        0.94
        0.93
        1.14
        0.92
        1.22
        1.06
        1.09
        1.13
        1.20
        1.44
        1.32
        1.19
        1.26
        1.32
        1.14
        1.06
        1.34
        1.31
        1.05
        0.95
        1.11
        1.50
        1.09
        1.11
        1.05
        1.14
        1.22
        0.74
        0.87
        1.00
        1.32
        0.79
        0.96
        0.77
        1.04
        0.89
        0.92
        0.95
        1.01
        1.23
        1.13
        1.01
        1.07
        1.13
        0.96
        0.89
        1.15
        1.12
        0.89
        0.80
        0.93
        1.27
        0.92
        0.93
        0.89
        0.96
        1.03
        0.62
        0.73
        0.84
        1.13