        0.91
        0.91
        0.93
        0.98
        0.94
        0.98
        1.02
        1.07
        1.01
        1.03
        1.02
        0.94
        1.00
        0.99
        0.93
        1.02
        1.08
        0.98
        0.87
        0.94
        0.96
        1.01
        0.92
        0.99
        1.01
        0.98
        0.91
        0.98
        0.99
        0.99
        0.96
        0.95
        0.97
        1.02
        0.98
        1.03
        1.07
        1.12
        1.06
        1.08
        1.07
        0.98
        1.05
        1.03
        0.97
        1.07
        1.13
        1.02
        0.91
        0.99
        1.00
        1.05
        0.96
        1.04
        1.05
        1.02
        0.95
        1.03
        1.04
        1.04
        0.95
        0.94
        0.96
        1.01
        0.97
        1.02
        1.06
        1.11
        1.05
        1.07
        1.06
        0.97
        1.04
        1.02
        0.96
        1.06
        1.12
        1.02
        0.90
        0.98
        0.99
        1.05
        0.95
        1.03
        1.04
        1.01
        0.94
        1.02
        1.03
        1.03
        0.91
        0.90
        0.92
        0.97
        0.93
        0.98
        1.01
        1.06
        1.01
        1.02
        1.02
        0.93
        0.99
        0.98
        0.92
        1.01
        1.07
        0.97
        0.87
        0.94
        0.95
        1.00
        0.92
        0.99
        1.00
        0.97
        0.90
        0.98
        0.99
        0.99
        0.98
        0.98
        1.00
        1.05
        1.00
        1.05
        1.09
        1.14
        1.09
        1.10
        1.10
        1.01
        1.07
        1.06
        1.00
        1.09
        1.16
        1.05
        0.94
        1.01
        1.02
        1.08
        0.99
        1.07
        1.08
        1.05
        0.97
        1.05
        1.06
        1.06
        0.90
        0.89
        0.91
        0.96
        0.92
        0.96
        1.00
        1.04
        0.99
        1.01
        1.00
        0.92
        0.98
        0.97
        0.91
        1.00
        1.06
        0.96
        0.85
        0.92
        0.94
        0.99
        0.90
        0.97
        0.99
        0.96
        0.89
        0.96
        0.97
        0.97
        1.07
        1.07
        1.09
        1.15
        1.10
        1.16
        1.20
        1.25
        1.19
        1.21
        1.20
        1.10
        1.17
        1.16
        1.09
        1.20
        1.27
        1.15
        1.02
        1.11
        1.12
        1.18
        1.08
        1.17
        1.18
        1.15
        1.06
        1.15
        1.16
        1.16
        0.92
        0.91
        0.93
        0.98
        0.94
        0.99
        1.02
        1.07
        1.02
        1.03
        1.03
        0.94
        1.00
        0.99
        0.93
        1.03
        1.08
        0.98
        0.88
        0.95
        0.96
        1.01
        0.93
        1.00
        1.01
        0.98
        0.91
        0.99
        1.00
        1.00
        0.91
        0.90
        0.92
        0.97
        0.93
        0.98
        1.01
        1.06
        1.01
        1.02
        1.02
        0.93
        0.99
        0.98
        0.92
        1.01
        1.07
        0.97
        0.87
        0.94
        0.95
        1.00
        0.92
        0.99
        1.00
        0.97
        0.90
        0.98
        0.99
        0.99
        0.92
        0.92
        0.94
        0.99
        0.95
        0.99
        1.03
        1.08
        1.02
        1.04
        1.03
        0.95
        1.01
        1.00
        0.94
        1.03
        1.09
        0.99
        0.88
        0.95
        0.97
        1.02
        0.93
        1.00
        1.02
        0.99
        0.92
        0.99
        1.00
        1.00
        0.94
        0.94
        0.95
        1.00
        0.96
        1.01
        1.05
        1.10
        1.04
        1.06
        1.05
        0.97
        1.03
        1.02
        0.96
        1.05
        1.11
        1.01
        0.90
        0.97
        0.98
        1.04
        0.95
        1.02
        1.03
        1.00
        0.93
        1.01
        1.02
        1.02
        0.99
        0.99
        1.01
        1.06
        1.02
        1.07
        1.11
        1.16
        1.10
        1.12
        1.11
        1.02
        1.09
        1.07
        1.01
        1.11
        1.17
        1.07
        0.95
        1.03
        1.04
        1.10
        1.00
        1.08
        1.10
        1.06
        0.99
        1.07
        1.08
        1.08
        0.97
        0.96
        0.98
        1.03
        0.99
        1.04
        1.08
        1.13
        1.07
        1.09
        1.08
        0.99
        1.06
        1.05
        0.98
        1.08
        1.14
        1.04
        0.92
        1.00
        1.01
        1.07
        0.98
        1.05
        1.07
        1.03
        0.96
        1.04
        1.05
        1.05
        0.91
        0.91
        0.93
        0.98
        0.94
        0.98
        1.02
        1.07
        1.01
        1.03
        1.02
        0.94
        1.00
        0.99
        0.93
        1.02
        1.08
        0.98
        0.87
        0.94
        0.96
        1.01
        0.92
        0.99
        1.01
        0.98
        0.91
        0.98
        0.99
        0.99
        0.95
        0.95
        0.97
        1.02
        0.98
        1.03
        1.06
        1.11
        1.06
        1.07
        1.07
        0.98
        1.04
        1.03
        0.97
        1.06
        1.13
        1.02
        0.91
        0.99
        1.00
        1.05
        0.96
        1.04
        1.05
        1.02
        0.95
        1.02
        1.03
        1.04
        0.94
        0.94
        0.95
        1.00
        0.96
        1.01
        1.05
        1.10
        1.04
        1.06
        1.05
        0.97
        1.03
        1.02
        0.96
        1.05
        1.11
        1.01
        0.90
        0.97
        0.98
        1.04
        0.95
        1.02
        1.04
        1.00
        0.93
        1.01
        1.02
        1.02
        1.02
        1.02
        1.04
        1.09
        1.05
        1.10
        1.14
        1.19
        1.14
        1.15
        1.15
        1.05
        1.12
        1.11
        1.04
        1.14
        1.21
        1.10
        0.98
        1.06
        1.07
        1.13
        1.03
        1.11
        1.13
        1.09
        1.02
        1.10
        1.11
        1.11
        1.04
        1.04
        1.06
        1.11
        1.07
        1.12
        1.16
        1.22
        1.16
        1.17
        1.17
        1.07
        1.14
        1.13
        1.06
        1.16
        1.23
        1.12
        1.00
        1.08
        1.09
        1.15
        1.05
        1.13
        1.15
        1.12
        1.04
        1.12
        1.13
        1.13
        0.96
        0.96
        0.98
        1.03
        0.99
        1.04
        1.07
        1.12
        1.07
        1.08
        1.08
        0.99
        1.05
        1.04
        0.98
        1.08
        1.14
        1.03
        0.92
        1.00
        1.01
        1.06
        0.97
        1.05
        1.06
        1.03
        0.96
        1.03
        1.04
        1.05
        0.97
        0.96
        0.98
        1.03
        0.99
        1.04
        1.08
        1.13
        1.07
        1.09
        1.08
        0.99
        1.06
        1.04
        0.98
        1.08
        1.14
        1.03
        0.92
        1.00
        1.01
        1.06
        0.97
        1.05
        1.06
        1.03
        0.96
        1.04
        1.05
        1.05
        1.00
        0.99
        1.01
        1.07
        1.02
        1.07
        1.11
        1.16
        1.11
        1.12
        1.12
        1.03
        1.09
        1.08
        1.01
        1.11
        1.18
        1.07
        0.95
        1.03
        1.04
        1.10
        1.01
        1.08
        1.10
        1.07
        0.99
        1.07
        1.08
        1.08
        1.02
        1.01
        1.03
        1.09
        1.04
        1.09
        1.13
        1.19
        1.13
        1.14
        1.14
        1.05
        1.11
        1.10
        1.03
        1.13
        1.20
        1.09
        0.97
        1.05
        1.06
        1.12
        1.03
        1.10
        1.12
        1.09
        1.01
        1.09
        1.10
        1.10
        0.95
        0.95
        0.97
        1.02
        0.97
        1.02
        1.06
        1.11
        1.05
        1.07
        1.06
        0.98
        1.04
        1.03
        0.97
        1.06
        1.12
        1.02
        0.91
        0.98
        0.99
        1.05
        0.96
        1.03
        1.05
        1.02
        0.94
        1.02
        1.03
        1.03
        0.89
        0.89
        0.91
        0.95
        0.92
        0.96
        1.00
        1.05
        0.99
        1.01
        1.00
        0.92
        0.98
        0.97
        0.91
        1.00
        1.06
        0.96
        0.85
        0.92
        0.93
        0.99
        0.90
        0.97
        0.99
        0.96
        0.89
        0.96
        0.97
        0.97
        1.02
        1.01
        1.03
        1.08
        1.04
        1.09
        1.13
        1.18
        1.13
        1.14
        1.14
        1.04
        1.11
        1.10
        1.03
        1.13
        1.20
        1.09
        0.97
        1.05
        1.06
        1.12
        1.02
        1.10
        1.12
        1.09
        1.01
        1.09
        1.10
        1.10
        0.95
        0.95
        0.97
        1.02
        0.98
        1.03
        1.06
        1.11
        1.06
        1.07
        1.07
        0.98
        1.04
        1.03
        0.97
        1.06
        1.12
        1.02
        0.91
        0.98
        1.00
        1.05
        0.96
        1.04
        1.05
        1.02
        0.95
        1.02
        1.03
        1.03
        0.96
        0.96
        0.98
        1.03
        0.98
        1.03
        1.07
        1.12
        1.07
        1.08
        1.08
        0.99
        1.05
        1.04
        0.98
        1.07
        1.13
        1.03
        0.92
        0.99
        1.00
        1.06
        0.97
        1.04
        1.06
        1.03
        0.95
        1.03
        1.04
        1.04
        0.94
        0.93
        0.95
        1.00
        0.96
        1.01
        1.05
        1.10
        1.04
        1.06
        1.05
        0.96
        1.03
        1.01
        0.95
        1.05
        1.11
        1.01
        0.89
        0.97
        0.98
        1.04
        0.95
        1.02
        1.03
        1.00
        0.93
        1.01
        1.02
        1.02
        0.98
        0.97
        0.99
        1.04
        1.00
        1.05
        1.09
        1.14
        1.08
        1.10
        1.09
        1.00
        1.07
        1.05
        0.99
        1.09
        1.15
        1.04
        0.93
        1.01
        1.02
        1.08
        0.98
        1.06
        1.07
        1.04
        0.97
        1.05
        1.06
        1.06
        1.00
        0.99
        1.01
        1.06
        1.02
        1.07
        1.11
        1.16
        1.10
        1.12
        1.11
        1.02
        1.09
        1.08
        1.01
        1.11
        1.17
        1.07
        0.95
        1.03
        1.04
        1.10
        1.00
        1.08
        1.10
        1.06
        0.99
        1.07
        1.08
        1.08