        0.90
        0.95
        0.90
        1.03
        0.95
        0.99
        1.03
        1.08
        1.12
        1.09
        1.05
        1.01
        1.08
        1.01
        0.94
        1.10
        1.13
        0.98
        0.87
        0.97
        1.10
        1.01
        0.95
        0.99
        1.02
        1.02
        0.83
        0.92
        0.97
        1.07
        0.97
        1.05
        0.98
        1.13
        1.04
        1.08
        1.12
        1.18
        1.24
        1.20
        1.15
        1.11
        1.18
        1.10
        1.03
        1.21
        1.23
        1.06
        0.95
        1.06
        1.22
        1.10
        1.04
        1.07
        1.12
        1.12
        0.90
        1.00
        1.05
        1.18
        0.86
        0.91
        0.87
        0.98
        0.91
        0.95
        0.99
        1.04
        1.07
        1.05
        1.01
        0.97
        1.03
        0.97
        0.91
        1.05
        1.08
        0.94
        0.84
        0.93
        1.04
        0.97
        0.91
        0.95
        0.98
        0.98
        0.81
        0.89
        0.94
        1.02
        0.89
        0.94
        0.89
        1.02
        0.94
        0.98
        1.02
        1.07
        1.11
        1.08
        1.04
        1.00
        1.07
        1.00
        0.94
        1.09
        1.12
        0.97
        0.86
        0.96
        1.09
        1.00
        0.94
        0.98
        1.01
        1.02
        0.82
        0.91
        0.96
        1.06
        0.94
        1.00
        0.95
        1.08
        1.00
        1.04
        1.08
        1.14
        1.17
        1.15
        1.10
        1.06
        1.13
        1.06
        0.99
        1.15
        1.18
        1.03
        0.92
        1.02
        1.15
        1.06
        1.00
        1.04
        1.07
        1.07
        0.88
        0.97
        1.02
        1.12
        0.95
        1.03
        0.95
        1.11
        1.02
        1.06
        1.09
        1.16
        1.23
        1.18
        1.13
        1.10
        1.17
        1.08
        1.01
        1.19
        1.21
        1.04
        0.93
        1.04
        1.21
        1.07
        1.02
        1.05
        1.09
        1.11
        0.86
        0.97
        1.03
        1.16
        1.03
        1.09
        1.04
        1.18
        1.09
        1.14
        1.18
        1.24
        1.28
        1.25
        1.21
        1.16
        1.23
        1.16
        1.09
        1.25
        1.29
        1.12
        1.00
        1.11
        1.25
        1.16
        1.09
        1.14
        1.17
        1.17
        0.97
        1.07
        1.12
        1.22
        0.90
        0.96
        0.91
        1.04
        0.96
        1.00
        1.04
        1.09
        1.14
        1.11
        1.06
        1.02
        1.09
        1.02
        0.95
        1.11
        1.14
        0.99
        0.88
        0.98
        1.11
        1.02
        0.96
        1.00
        1.03
        1.04
        0.84
        0.93
        0.98
        1.08
        0.82
        0.87
        0.83
        0.94
        0.87
        0.91
        0.94
        0.99
        1.02
        1.00
        0.96
        0.92
        0.98
        0.92
        0.86
        1.00
        1.03
        0.90
        0.80
        0.89
        0.99
        0.92
        0.87
        0.91
        0.94
        0.94
        0.77
        0.85
        0.89
        0.97
        0.89
        0.94
        0.89
        1.01
        0.94
        0.98
        1.01
        1.07
        1.10
        1.08
        1.04
        0.99
        1.06
        0.99
        0.93
        1.08
        1.11
        0.96
        0.86
        0.95
        1.07
        1.00
        0.94
        0.97
        1.01
        1.01
        0.83
        0.91
        0.96
        1.05
        0.94
        1.00
        0.94
        1.08
        1.00
        1.04
        1.08
        1.14
        1.18
        1.15
        1.10
        1.07
        1.13
        1.06
        0.99
        1.15
        1.18
        1.02
        0.91
        1.02
        1.16
        1.06
        1.00
        1.03
        1.07
        1.08
        0.87
        0.96
        1.01
        1.13
        0.99
        1.06
        0.99
        1.14
        1.05
        1.10
        1.14
        1.20
        1.25
        1.22
        1.16
        1.13
        1.20
        1.12
        1.05
        1.22
        1.25
        1.08
        0.97
        1.07
        1.22
        1.11
        1.06
        1.09
        1.13
        1.14
        0.92
        1.02
        1.07
        1.19
        0.90
        0.94
        0.90
        1.01
        0.94
        0.99
        1.02
        1.08
        1.10
        1.08
        1.04
        0.99
        1.06
        1.00
        0.94
        1.08
        1.11
        0.97
        0.87
        0.96
        1.07
        1.00
        0.94
        0.98
        1.01
        1.01
        0.84
        0.93
        0.97
        1.05
        0.90
        0.96
        0.91
        1.04
        0.96
        1.00
        1.03
        1.09
        1.14
        1.10
        1.06
        1.02
        1.09
        1.02
        0.95
        1.11
        1.14
        0.98
        0.88
        0.98
        1.11
        1.01
        0.96
        0.99
        1.03
        1.03
        0.84
        0.93
        0.97
        1.08
        0.97
        1.04
        0.97
        1.13
        1.03
        1.08
        1.12
        1.18
        1.24
        1.20
        1.15
        1.11
        1.18
        1.10
        1.03
        1.20
        1.23
        1.06
        0.95
        1.06
        1.21
        1.10
        1.04
        1.07
        1.11
        1.12
        0.89
        0.99
        1.05
        1.18
        0.90
        0.95
        0.90
        1.03
        0.95
        0.99
        1.03
        1.08
        1.12
        1.09
        1.05
        1.01
        1.07
        1.01
        0.95
        1.09
        1.13
        0.98
        0.87
        0.97
        1.09
        1.01
        0.95
        0.99
        1.02
        1.02
        0.84
        0.93
        0.97
        1.07
        1.00
        1.06
        1.00
        1.14
        1.05
        1.10
        1.14
        1.20
        1.24
        1.21
        1.17
        1.12
        1.19
        1.12
        1.05
        1.22
        1.25
        1.09
        0.97
        1.08
        1.22
        1.12
        1.06
        1.10
        1.13
        1.14
        0.93
        1.03
        1.08
        1.19
        1.02
        1.08
        1.03
        1.17
        1.08
        1.13
        1.17
        1.23
        1.27
        1.24
        1.19
        1.15
        1.22
        1.15
        1.07
        1.24
        1.28
        1.11
        0.99
        1.10
        1.24
        1.15
        1.08
        1.12
        1.16
        1.16
        0.95
        1.05
        1.10
        1.21
        0.97
        1.04
        0.97
        1.12
        1.03
        1.07
        1.11
        1.17
        1.23
        1.19
        1.14
        1.10
        1.17
        1.09
        1.02
        1.19
        1.22
        1.06
        0.95
        1.05
        1.20
        1.09
        1.03
        1.07
        1.11
        1.11
        0.89
        0.99
        1.05
        1.17
        0.93
        0.99
        0.94
        1.06
        0.98
        1.03
        1.06
        1.12
        1.16
        1.13
        1.09
        1.05
        1.11
        1.05
        0.98
        1.13
        1.17
        1.01
        0.91
        1.00
        1.13
        1.05
        0.99
        1.02
        1.06
        1.06
        0.87
        0.96
        1.01
        1.11
        0.96
        1.02
        0.96
        1.10
        1.01
        1.06
        1.10
        1.16
        1.20
        1.17
        1.12
        1.08
        1.15
        1.08
        1.01
        1.17
        1.20
        1.05
        0.93
        1.04
        1.17
        1.08
        1.02
        1.06
        1.09
        1.09
        0.89
        0.99
        1.04
        1.14
        1.04
        1.10
        1.04
        1.19
        1.10
        1.15
        1.19
        1.25
        1.29
        1.26
        1.21
        1.17
        1.24
        1.17
        1.09
        1.26
        1.30
        1.13
        1.01
        1.12
        1.26
        1.17
        1.10
        1.14
        1.18
        1.18
        0.97
        1.07
        1.12
        1.23
        0.88
        0.93
        0.88
        1.00
        0.93
        0.97
        1.00
        1.06
        1.08
        1.06
        1.02
        0.98
        1.04
        0.98
        0.92
        1.06
        1.10
        0.96
        0.85
        0.94
        1.05
        0.99
        0.93
        0.97
        1.00
        1.00
        0.82
        0.91
        0.95
        1.04
        0.80
        0.84
        0.81
        0.91
        0.85
        0.88
        0.92
        0.97
        0.99
        0.97
        0.94
        0.89
        0.95
        0.90
        0.84
        0.97
        1.00
        0.87
        0.78
        0.86
        0.96
        0.90
        0.85
        0.88
        0.91
        0.91
        0.75
        0.83
        0.87
        0.95
        1.01
        1.08
        1.02
        1.16
        1.07
        1.12
        1.16
        1.22
        1.27
        1.24
        1.19
        1.15
        1.22
        1.14
        1.07
        1.24
        1.27
        1.11
        0.99
        1.10
        1.24
        1.14
        1.08
        1.12
        1.16
        1.16
        0.94
        1.04
        1.10
        1.21
        0.89
        0.94
        0.90
        1.01
        0.94
        0.98
        1.02
        1.07
        1.10
        1.07
        1.04
        0.99
        1.05
        1.00
        0.93
        1.07
        1.11
        0.97
        0.86
        0.96
        1.06
        1.00
        0.94
        0.98
        1.01
        1.01
        0.84
        0.92
        0.96
        1.05
        0.91
        0.96
        0.92
        1.04
        0.96
        1.01
        1.04
        1.10
        1.13
        1.10
        1.06
        1.02
        1.08
        1.02
        0.96
        1.10
        1.14
        0.99
        0.89
        0.98
        1.10
        1.02
        0.96
        1.00
        1.04
        1.04
        0.85
        0.94
        0.99
        1.08
        0.85
        0.90
        0.86
        0.97
        0.90
        0.94
        0.97
        1.03
        1.05
        1.03
        0.99
        0.95
        1.01
        0.95
        0.89
        1.03
        1.07
        0.93
        0.83
        0.92
        1.03
        0.96
        0.90
        0.94
        0.97
        0.97
        0.80
        0.88
        0.92
        1.01
        0.96
        1.02
        0.96
        1.10
        1.02
        1.06
        1.10
        1.16
        1.20
        1.17
        1.12
        1.08
        1.15
        1.08
        1.01
        1.18
        1.21
        1.05
        0.93
        1.04
        1.18
        1.08
        1.02
        1.06
        1.09
        1.10
        0.89
        0.99
        1.04
        1.15
        0.93
        0.98
        0.94
        1.06
        0.98
        1.03
        1.07
        1.12
        1.15
        1.13
        1.09
        1.04
        1.11
        1.04
        0.98
        1.13
        1.16
        1.02
        0.91
        1.00
        1.12
        1.05
        0.99
        1.03
        1.06
        1.06
        0.88
        0.97
        1.01
        1.10