Objective       -3.20
Stage 1 x1 y1 z1
        0.42        0.00        0.42
        0.00        0.00        0.00
        0.00        0.00        0.00
        0.56        0.00        0.56
        0.00        0.00        0.00
Stage 2 x2 y2 z2
scenario:
        0.44        0.00        0.00
        0.00        0.00        0.00
        0.00        0.00        0.00
        0.57        0.00        0.00
        0.00        0.00        0.00
scenario:
        0.40        0.00        0.00
        0.00        0.00        0.00
        0.00        0.00        0.00
        0.58        0.00        0.00
        0.00        0.00        0.00
scenario:
        0.40        0.00        0.00
        0.00        0.00        0.00
        0.00        0.00        0.00
        0.60        0.00        0.00
        0.00        0.00        0.00
scenario:
        0.42        0.00        0.00
        0.00        0.00        0.00
        0.00        0.00        0.00
        0.57        0.00        0.00
        0.00        0.00        0.00
scenario:
        0.39        0.00        0.00
        0.00        0.00        0.00
        0.00        0.00        0.00
        0.60        0.00        0.00
        0.00        0.00        0.00
scenario:
        0.47        0.00        0.00
        0.00        0.00        0.00
        0.00        0.00        0.00
        0.59        0.00        0.00
        0.00        0.00        0.00
scenario:
        0.54        0.13        0.00
        0.00        0.00        0.00
        0.00        0.00        0.00
        0.70        0.00        0.12
        0.00        0.00        0.00
scenario:
        0.45        0.00        0.00
        0.00        0.00        0.00
        0.00        0.00        0.00
        0.62        0.00        0.00
        0.00        0.00        0.00
scenario:
        0.55        0.00        0.00
        0.00        0.00        0.00
        0.00        0.00        0.00
        0.61        0.00        0.00
        0.00        0.00        0.00
scenario:
        0.37        0.00        0.00
        0.00        0.00        0.00
        0.00        0.00        0.00
        0.65        0.00        0.00
        0.00        0.00        0.00
scenario:
        0.58        0.00        0.00
        0.00        0.00        0.00
        0.00        0.00        0.00
        0.61        0.00        0.00
        0.00        0.00        0.00
scenario:
        0.41        0.00        0.00
        0.00        0.00        0.00
        0.00        0.00        0.00
        0.58        0.00        0.00
        0.00        0.00        0.00
scenario:
        0.47        0.00        0.00
        0.00        0.00        0.00
        0.00        0.00        0.00
        0.60        0.00        0.00
        0.00        0.00        0.00
scenario:
        0.45        0.00        0.00
        0.00        0.00        0.00
        0.00        0.00        0.00
        0.57        0.00        0.00
        0.00        0.00        0.00
scenario:
        0.42        0.00        0.00
        0.00        0.00        0.00
        0.00        0.00        0.00
        0.64        0.00        0.00
        0.00        0.00        0.00
scenario:
        0.50        0.00        0.00
        0.00        0.00        0.00
        0.00        0.00        0.00
        0.55        0.00        0.00
        0.00        0.00        0.00
scenario:
        0.52        0.00        0.00
        0.00        0.00        0.00
        0.00        0.00        0.00
        0.55        0.00        0.00
        0.00        0.00        0.00
scenario:
        0.39        0.00        0.00
        0.00        0.00        0.00
        0.00        0.00        0.00
        0.55        0.00        0.00
        0.00        0.00        0.00
scenario:
        0.42        0.00        0.00
        0.00        0.00        0.00
        0.00        0.00        0.00
        0.59        0.00        0.00
        0.00        0.00        0.00
scenario:
        0.40        0.00        0.00
        0.00        0.00        0.00
        0.00        0.00        0.00
        0.58        0.00        0.00
        0.00        0.00        0.00
Stage 3 x3 y3 z3
scenario:
        0.57        0.00        0.00
        0.00        0.00        0.00
        0.00        0.00        0.00
        0.66        0.00        0.00
        0.00        0.00        0.00
scenario:
        0.45        0.00        0.00
        0.00        0.00        0.00
        0.00        0.00        0.00
        0.58        0.00        0.00
        0.00        0.00        0.00
scenario:
        0.50        0.00        0.00
        0.00        0.00        0.00
        0.00        0.00        0.00
        0.61        0.00        0.00
        0.00        0.00        0.00
scenario:
        0.50        0.00        0.00
        0.00        0.00        0.00
        0.00        0.00        0.00
        0.58        0.00        0.00
        0.00        0.00        0.00
scenario:
        0.38        0.00        0.00
        0.00        0.00        0.00
        0.00        0.00        0.00
        0.60        0.00        0.00
        0.00        0.00        0.00
scenario:
        0.57        0.00        0.00
        0.00        0.00        0.00
        0.00        0.00        0.00
        0.63        0.00        0.00
        0.00        0.00        0.00
scenario:
        0.47        0.00        0.00
        0.00        0.00        0.00
        0.00        0.00        0.00
        0.62        0.00        0.00
        0.00        0.00        0.00
scenario:
        0.75        0.00        0.00
        0.00        0.00        0.00
        0.00        0.00        0.00
        0.60        0.00        0.00
        0.00        0.00        0.00
scenario:
        0.42        0.00        0.00
        0.00        0.00        0.00
        0.00        0.00        0.00
        0.60        0.00        0.00
        0.00        0.00        0.00
scenario:
        0.43        0.00        0.00
        0.00        0.00        0.00
        0.00        0.00        0.00
        0.62        0.00        0.00
        0.00        0.00        0.00
scenario:
        0.39        0.00        0.00
        0.00        0.00        0.00
        0.00        0.00        0.00
        0.55        0.00        0.00
        0.00        0.00        0.00
scenario:
        0.53        0.00        0.00
        0.00        0.00        0.00
        0.00        0.00        0.00
        0.63        0.00        0.00
        0.00        0.00        0.00
scenario:
        0.47        0.00        0.00
        0.00        0.00        0.00
        0.00        0.00        0.00
        0.55        0.00        0.00
        0.00        0.00        0.00
scenario:
        0.52        0.00        0.00
        0.00        0.00        0.00
        0.00        0.00        0.00
        0.58        0.00        0.00
        0.00        0.00        0.00
scenario:
        0.46        0.00        0.00
        0.00        0.00        0.00
        0.00        0.00        0.00
        0.66        0.00        0.00
        0.00        0.00        0.00
scenario:
        0.47        0.00        0.00
        0.00        0.00        0.00
        0.00        0.00        0.00
        0.65        0.00        0.00
        0.00        0.00        0.00
scenario:
        0.40        0.00        0.00
        0.00        0.00        0.00
        0.00        0.00        0.00
        0.60        0.00        0.00
        0.00        0.00        0.00
scenario:
        0.40        0.00        0.00
        0.00        0.00        0.00
        0.00        0.00        0.00
        0.63        0.00        0.00
        0.00        0.00        0.00
scenario:
        0.48        0.00        0.00
        0.00        0.00        0.00
        0.00        0.00        0.00
        0.58        0.00        0.00
        0.00        0.00        0.00
scenario:
        0.40        0.00        0.00
        0.00        0.00        0.00
        0.00        0.00        0.00
        0.61        0.00        0.00
        0.00        0.00        0.00
scenario:
        0.51        0.00        0.00
        0.00        0.00        0.00
        0.00        0.00        0.00
        0.67        0.00        0.00
        0.00        0.00        0.00
scenario:
        0.40        0.00        0.00
        0.00        0.00        0.00
        0.00        0.00        0.00
        0.58        0.00        0.00
        0.00        0.00        0.00
scenario:
        0.45        0.00        0.00
        0.00        0.00        0.00
        0.00        0.00        0.00
        0.61        0.00        0.00
        0.00        0.00        0.00
scenario:
        0.45        0.00        0.00
        0.00        0.00        0.00
        0.00        0.00        0.00
        0.59        0.00        0.00
        0.00        0.00        0.00
scenario:
        0.34        0.00        0.00
        0.00        0.00        0.00
        0.00        0.00        0.00
        0.60        0.00        0.00
        0.00        0.00        0.00
scenario:
        0.52        0.00        0.00
        0.00        0.00        0.00
        0.00        0.00        0.00
        0.64        0.00        0.00
        0.00        0.00        0.00
scenario:
        0.42        0.00        0.00
        0.00        0.00        0.00
        0.00        0.00        0.00
        0.62        0.00        0.00
        0.00        0.00        0.00
scenario:
        0.67        0.00        0.00
        0.00        0.00        0.00
        0.00        0.00        0.00
        0.61        0.00        0.00
        0.00        0.00        0.00
scenario:
        0.37        0.00        0.00
        0.00        0.00        0.00
        0.00        0.00        0.00
        0.60        0.00        0.00
        0.00        0.00        0.00
scenario:
        0.39        0.00        0.00
        0.00        0.00        0.00
        0.00        0.00        0.00
        0.62        0.00        0.00
        0.00        0.00        0.00
scenario:
        0.35        0.00        0.00
        0.00        0.00        0.00
        0.00        0.00        0.00
        0.56        0.00        0.00
        0.00        0.00        0.00
scenario:
        0.48        0.00        0.00
        0.00        0.00        0.00
        0.00        0.00        0.00
        0.63        0.00        0.00
        0.00        0.00        0.00
scenario:
        0.42        0.00        0.00
        0.00        0.00        0.00
        0.00        0.00        0.00
        0.56        0.00        0.00
        0.00        0.00        0.00
scenario:
        0.47        0.00        0.00
        0.00        0.00        0.00
        0.00        0.00        0.00
        0.59        0.00        0.00
        0.00        0.00        0.00
scenario:
        0.41        0.00        0.00
        0.00        0.00        0.00
        0.00        0.00        0.00
        0.66        0.00        0.00
        0.00        0.00        0.00
scenario:
        0.42        0.00        0.00
        0.00        0.00        0.00
        0.00        0.00        0.00
        0.66        0.00        0.00
        0.00        0.00        0.00
scenario:
        0.36        0.00        0.00
        0.00        0.00        0.00
        0.00        0.00        0.00
        0.60        0.00        0.00
        0.00        0.00        0.00
scenario:
        0.36        0.00        0.00
        0.00        0.00        0.00
        0.00        0.00        0.00
        0.63        0.00        0.00
        0.00        0.00        0.00
scenario:
        0.43        0.00        0.00
        0.00        0.00        0.00
        0.00        0.00        0.00
        0.59        0.00        0.00
        0.00        0.00        0.00
scenario:
        0.36        0.00        0.00
        0.00        0.00        0.00
        0.00        0.00        0.00
        0.61        0.00        0.00
        0.00        0.00        0.00
scenario:
        0.52        0.00        0.00
        0.00        0.00        0.00
        0.00        0.00        0.00
        0.69        0.00        0.00
        0.00        0.00        0.00
scenario:
        0.41        0.00        0.00
        0.00        0.00        0.00
        0.00        0.00        0.00
        0.60        0.00        0.00
        0.00        0.00        0.00
scenario:
        0.45        0.00        0.00
        0.00        0.00        0.00
        0.00        0.00        0.00
        0.63        0.00        0.00
        0.00        0.00        0.00
scenario:
        0.45        0.00        0.00
        0.00        0.00        0.00
        0.00        0.00        0.00
        0.60        0.00        0.00
        0.00        0.00        0.00
scenario:
        0.35        0.00        0.00
        0.00        0.00        0.00
        0.00        0.00        0.00
        0.62        0.00        0.00
        0.00        0.00        0.00
scenario:
        0.52        0.00        0.00
        0.00        0.00        0.00
        0.00        0.00        0.00
        0.65        0.00        0.00
        0.00        0.00        0.00
scenario:
        0.43        0.00        0.00
        0.00        0.00        0.00
        0.00        0.00        0.00
        0.64        0.00        0.00
        0.00        0.00        0.00
scenario:
        0.68        0.00        0.00
        0.00        0.00        0.00
        0.00        0.00        0.00
        0.63        0.00        0.00
        0.00        0.00        0.00
scenario:
        0.38        0.00        0.00
        0.00        0.00        0.00
        0.00        0.00        0.00
        0.62        0.00        0.00
        0.00        0.00        0.00
scenario:
        0.39        0.00        0.00
        0.00        0.00        0.00
        0.00        0.00        0.00
        0.64        0.00        0.00
        0.00        0.00        0.00
scenario:
        0.35        0.00        0.00
        0.00        0.00        0.00
        0.00        0.00        0.00
        0.57        0.00        0.00
        0.00        0.00        0.00
scenario:
        0.48        0.00        0.00
        0.00        0.00        0.00
        0.00        0.00        0.00
        0.65        0.00        0.00
        0.00        0.00        0.00
scenario:
        0.42        0.00        0.00
        0.00        0.00        0.00
        0.00        0.00        0.00
        0.57        0.00        0.00
        0.00        0.00        0.00
scenario:
        0.47        0.00        0.00
        0.00        0.00        0.00
        0.00        0.00        0.00
        0.60        0.00        0.00
        0.00        0.00        0.00
scenario:
        0.42        0.00        0.00
        0.00        0.00        0.00
        0.00        0.00        0.00
        0.68        0.00        0.00
        0.00        0.00        0.00
scenario:
        0.43        0.00        0.00
        0.00        0.00        0.00
        0.00        0.00        0.00
        0.68        0.00        0.00
        0.00        0.00        0.00
scenario:
        0.36        0.00        0.00
        0.00        0.00        0.00
        0.00        0.00        0.00
        0.62        0.00        0.00
        0.00        0.00        0.00
scenario:
        0.37        0.00        0.00
        0.00        0.00        0.00
        0.00        0.00        0.00
        0.65        0.00        0.00
        0.00        0.00        0.00
scenario:
        0.43        0.00        0.00
        0.00        0.00        0.00
        0.00        0.00        0.00
        0.60        0.00        0.00
        0.00        0.00        0.00
scenario:
        0.36        0.00        0.00
        0.00        0.00        0.00
        0.00        0.00        0.00
        0.63        0.00        0.00
        0.00        0.00        0.00
scenario:
        0.53        0.00        0.00
        0.00        0.00        0.00
        0.00        0.00        0.00
        0.66        0.00        0.00
        0.00        0.00        0.00
scenario:
        0.42        0.00        0.00
        0.00        0.00        0.00
        0.00        0.00        0.00
        0.58        0.00        0.00
        0.00        0.00        0.00
scenario:
        0.47        0.00        0.00
        0.00        0.00        0.00
        0.00        0.00        0.00
        0.61        0.00        0.00
        0.00        0.00        0.00
scenario:
        0.47        0.00        0.00
        0.00        0.00        0.00
        0.00        0.00        0.00
        0.58        0.00        0.00
        0.00        0.00        0.00
scenario:
        0.36        0.00        0.00
        0.00        0.00        0.00
        0.00        0.00        0.00
        0.60        0.00        0.00
        0.00        0.00        0.00
scenario:
        0.54        0.00        0.00
        0.00        0.00        0.00
        0.00        0.00        0.00
        0.63        0.00        0.00
        0.00        0.00        0.00
scenario:
        0.44        0.00        0.00
        0.00        0.00        0.00
        0.00        0.00        0.00
        0.62        0.00        0.00
        0.00        0.00        0.00
scenario:
        0.70        0.00        0.00
        0.00        0.00        0.00
        0.00        0.00        0.00
        0.60        0.00        0.00
        0.00        0.00        0.00
scenario:
        0.39        0.00        0.00
        0.00        0.00        0.00
        0.00        0.00        0.00
        0.60        0.00        0.00
        0.00        0.00        0.00
scenario:
        0.41        0.00        0.00
        0.00        0.00        0.00
        0.00        0.00        0.00
        0.61        0.00        0.00
        0.00        0.00        0.00
scenario:
        0.36        0.00        0.00
        0.00        0.00        0.00
        0.00        0.00        0.00
        0.55        0.00        0.00
        0.00        0.00        0.00
scenario:
        0.50        0.00        0.00
        0.00        0.00        0.00
        0.00        0.00        0.00
        0.63        0.00        0.00
        0.00        0.00        0.00
scenario:
        0.44        0.00        0.00
        0.00        0.00        0.00
        0.00        0.00        0.00
        0.55        0.00        0.00
        0.00        0.00        0.00
scenario:
        0.49        0.00        0.00
        0.00        0.00        0.00
        0.00        0.00        0.00
        0.58        0.00        0.00
        0.00        0.00        0.00
scenario:
        0.43        0.00        0.00
        0.00        0.00        0.00
        0.00        0.00        0.00
        0.66        0.00        0.00
        0.00        0.00        0.00
scenario:
        0.44        0.00        0.00
        0.00        0.00        0.00
        0.00        0.00        0.00
        0.65        0.00        0.00
        0.00        0.00        0.00
scenario:
        0.37        0.00        0.00
        0.00        0.00        0.00
        0.00        0.00        0.00
        0.60        0.00        0.00
        0.00        0.00        0.00
scenario:
        0.38        0.00        0.00
        0.00        0.00        0.00
        0.00        0.00        0.00
        0.63        0.00        0.00
        0.00        0.00        0.00
scenario:
        0.45        0.00        0.00
        0.00        0.00        0.00
        0.00        0.00        0.00
        0.58        0.00        0.00
        0.00        0.00        0.00
scenario:
        0.37        0.00        0.00
        0.00        0.00        0.00
        0.00        0.00        0.00
        0.61        0.00        0.00
        0.00        0.00        0.00
scenario:
        0.50        0.00        0.00
        0.00        0.00        0.00
        0.00        0.00        0.00
        0.69        0.00        0.00
        0.00        0.00        0.00
scenario:
        0.39        0.00        0.00
        0.00        0.00        0.00
        0.00        0.00        0.00
        0.61        0.00        0.00
        0.00        0.00        0.00
scenario:
        0.43        0.00        0.00
        0.00        0.00        0.00
        0.00        0.00        0.00
        0.64        0.00        0.00
        0.00        0.00        0.00
scenario:
        0.44        0.00        0.00
        0.00        0.00        0.00
        0.00        0.00        0.00
        0.61        0.00        0.00
        0.00        0.00        0.00
scenario:
        0.33        0.00        0.00
        0.00        0.00        0.00
        0.00        0.00        0.00
        0.63        0.00        0.00
        0.00        0.00        0.00
scenario:
        0.50        0.00        0.00
        0.00        0.00        0.00
        0.00        0.00        0.00
        0.66        0.00        0.00
        0.00        0.00        0.00
scenario:
        0.41        0.00        0.00
        0.00        0.00        0.00
        0.00        0.00        0.00
        0.64        0.00        0.00
        0.00        0.00        0.00
scenario:
        0.65        0.00        0.00
        0.00        0.00        0.00
        0.00        0.00        0.00
        0.63        0.00        0.00
        0.00        0.00        0.00
scenario:
        0.36        0.00        0.00
        0.00        0.00        0.00
        0.00        0.00        0.00
        0.63        0.00        0.00
        0.00        0.00        0.00
scenario:
        0.38        0.00        0.00
        0.00        0.00        0.00
        0.00        0.00        0.00
        0.64        0.00        0.00
        0.00        0.00        0.00
scenario:
        0.34        0.00        0.00
        0.00        0.00        0.00
        0.00        0.00        0.00
        0.58        0.00        0.00
        0.00        0.00        0.00
scenario:
        0.46        0.00        0.00
        0.00        0.00        0.00
        0.00        0.00        0.00
        0.66        0.00        0.00
        0.00        0.00        0.00
scenario:
        0.41        0.00        0.00
        0.00        0.00        0.00
        0.00        0.00        0.00
        0.58        0.00        0.00
        0.00        0.00        0.00
scenario:
        0.45        0.00        0.00
        0.00        0.00        0.00
        0.00        0.00        0.00
        0.61        0.00        0.00
        0.00        0.00        0.00
scenario:
        0.40        0.00        0.00
        0.00        0.00        0.00
        0.00        0.00        0.00
        0.69        0.00        0.00
        0.00        0.00        0.00
scenario:
        0.41        0.00        0.00
        0.00        0.00        0.00
        0.00        0.00        0.00
        0.68        0.00        0.00
        0.00        0.00        0.00
scenario:
        0.35        0.00        0.00
        0.00        0.00        0.00
        0.00        0.00        0.00
        0.63        0.00        0.00
        0.00        0.00        0.00
scenario:
        0.35        0.00        0.00
        0.00        0.00        0.00
        0.00        0.00        0.00
        0.66        0.00        0.00
        0.00        0.00        0.00
scenario:
        0.42        0.00        0.00
        0.00        0.00        0.00
        0.00        0.00        0.00
        0.61        0.00        0.00
        0.00        0.00        0.00
scenario:
        0.35        0.00        0.00
        0.00        0.00        0.00
        0.00        0.00        0.00
        0.64        0.00        0.00
        0.00        0.00        0.00
scenario:
        0.60        0.00        0.00
        0.00        0.00        0.00
        0.00        0.00        0.00
        0.68        0.00        0.00
        0.00        0.00        0.00
scenario:
        0.47        0.00        0.00
        0.00        0.00        0.00
        0.00        0.00        0.00
        0.60        0.00        0.00
        0.00        0.00        0.00
scenario:
        0.53        0.00        0.00
        0.00        0.00        0.00
        0.00        0.00        0.00
        0.62        0.00        0.00
        0.00        0.00        0.00
scenario:
        0.53        0.00        0.00
        0.00        0.00        0.00
        0.00        0.00        0.00
        0.60        0.00        0.00
        0.00        0.00        0.00
scenario:
        0.40        0.00        0.00
        0.00        0.00        0.00
        0.00        0.00        0.00
        0.61        0.00        0.00
        0.00        0.00        0.00
scenario:
        0.61        0.00        0.00
        0.00        0.00        0.00
        0.00        0.00        0.00
        0.65        0.00        0.00
        0.00        0.00        0.00
scenario:
        0.49        0.00        0.00
        0.00        0.00        0.00
        0.00        0.00        0.00
        0.63        0.00        0.00
        0.00        0.00        0.00
scenario:
        0.79        0.00        0.00
        0.00        0.00        0.00
        0.00        0.00        0.00
        0.62        0.00        0.00
        0.00        0.00        0.00
scenario:
        0.44        0.00        0.00
        0.00        0.00        0.00
        0.00        0.00        0.00
        0.61        0.00        0.00
        0.00        0.00        0.00
scenario:
        0.46        0.00        0.00
        0.00        0.00        0.00
        0.00        0.00        0.00
        0.63        0.00        0.00
        0.00        0.00        0.00
scenario:
        0.41        0.00        0.00
        0.00        0.00        0.00
        0.00        0.00        0.00
        0.57        0.00        0.00
        0.00        0.00        0.00
scenario:
        0.56        0.00        0.00
        0.00        0.00        0.00
        0.00        0.00        0.00
        0.65        0.00        0.00
        0.00        0.00        0.00
scenario:
        0.49        0.00        0.00
        0.00        0.00        0.00
        0.00        0.00        0.00
        0.57        0.00        0.00
        0.00        0.00        0.00
scenario:
        0.55        0.00        0.00
        0.00        0.00        0.00
        0.00        0.00        0.00
        0.60        0.00        0.00
        0.00        0.00        0.00
scenario:
        0.49        0.00        0.00
        0.00        0.00        0.00
        0.00        0.00        0.00
        0.68        0.00        0.00
        0.00        0.00        0.00
scenario:
        0.50        0.00        0.00
        0.00        0.00        0.00
        0.00        0.00        0.00
        0.67        0.00        0.00
        0.00        0.00        0.00
scenario:
        0.42        0.00        0.00
        0.00        0.00        0.00
        0.00        0.00        0.00
        0.61        0.00        0.00
        0.00        0.00        0.00
scenario:
        0.43        0.00        0.00
        0.00        0.00        0.00
        0.00        0.00        0.00
        0.65        0.00        0.00
        0.00        0.00        0.00
scenario:
        0.50        0.00        0.00
        0.00        0.00        0.00
        0.00        0.00        0.00
        0.60        0.00        0.00
        0.00        0.00        0.00
scenario:
        0.42        0.00        0.00
        0.00        0.00        0.00
        0.00        0.00        0.00
        0.63        0.00        0.00
        0.00        0.00        0.00
scenario:
        0.35        0.35        0.00
        0.00        0.00        0.00
        0.00        0.00        0.00
        1.15        0.00        0.34
        0.00        0.00        0.00
scenario:
        0.55        0.00        0.00
        0.00        0.00        0.00
        0.00        0.00        0.00
        0.71        0.00        0.00
        0.00        0.00        0.00
scenario:
        0.61        0.00        0.00
        0.00        0.00        0.00
        0.00        0.00        0.00
        0.74        0.00        0.00
        0.00        0.00        0.00
scenario:
        0.61        0.00        0.00
        0.00        0.00        0.00
        0.00        0.00        0.00
        0.71        0.00        0.00
        0.00        0.00        0.00
scenario:
        0.47        0.00        0.00
        0.00        0.00        0.00
        0.00        0.00        0.00
        0.73        0.00        0.00
        0.00        0.00        0.00
scenario:
        0.44        0.26        0.00
        0.00        0.00        0.00
        0.00        0.00        0.00
        1.03        0.00        0.25
        0.00        0.00        0.00
scenario:
        0.57        0.00        0.00
        0.00        0.00        0.00
        0.00        0.00        0.00
        0.75        0.00        0.00
        0.00        0.00        0.00
scenario:
        0.90        0.02        0.00
        0.00        0.00        0.00
        0.00        0.00        0.00
        0.76        0.00        0.02
        0.00        0.00        0.00
scenario:
        0.51        0.00        0.00
        0.00        0.00        0.00
        0.00        0.00        0.00
        0.73        0.00        0.00
        0.00        0.00        0.00
scenario:
        0.53        0.00        0.00
        0.00        0.00        0.00
        0.00        0.00        0.00
        0.75        0.00        0.00
        0.00        0.00        0.00
scenario:
        0.47        0.00        0.00
        0.00        0.00        0.00
        0.00        0.00        0.00
        0.68        0.00        0.00
        0.00        0.00        0.00
scenario:
        0.62        0.03        0.00
        0.00        0.00        0.00
        0.00        0.00        0.00
        0.80        0.00        0.03
        0.00        0.00        0.00
scenario:
        0.57        0.00        0.00
        0.00        0.00        0.00
        0.00        0.00        0.00
        0.68        0.00        0.00
        0.00        0.00        0.00
scenario:
        0.64        0.00        0.00
        0.00        0.00        0.00
        0.00        0.00        0.00
        0.71        0.00        0.00
        0.00        0.00        0.00
scenario:
        0.56        0.00        0.00
        0.00        0.00        0.00
        0.00        0.00        0.00
        0.81        0.00        0.00
        0.00        0.00        0.00
scenario:
        0.58        0.00        0.00
        0.00        0.00        0.00
        0.00        0.00        0.00
        0.80        0.00        0.00
        0.00        0.00        0.00
scenario:
        0.49        0.00        0.00
        0.00        0.00        0.00
        0.00        0.00        0.00
        0.73        0.00        0.00
        0.00        0.00        0.00
scenario:
        0.49        0.00        0.00
        0.00        0.00        0.00
        0.00        0.00        0.00
        0.77        0.00        0.00
        0.00        0.00        0.00
scenario:
        0.59        0.00        0.00
        0.00        0.00        0.00
        0.00        0.00        0.00
        0.71        0.00        0.00
        0.00        0.00        0.00
scenario:
        0.49        0.00        0.00
        0.00        0.00        0.00
        0.00        0.00        0.00
        0.75        0.00        0.00
        0.00        0.00        0.00
scenario:
        0.57        0.00        0.00
        0.00        0.00        0.00
        0.00        0.00        0.00
        0.72        0.00        0.00
        0.00        0.00        0.00
scenario:
        0.45        0.00        0.00
        0.00        0.00        0.00
        0.00        0.00        0.00
        0.63        0.00        0.00
        0.00        0.00        0.00
scenario:
        0.50        0.00        0.00
        0.00        0.00        0.00
        0.00        0.00        0.00
        0.66        0.00        0.00
        0.00        0.00        0.00
scenario:
        0.51        0.00        0.00
        0.00        0.00        0.00
        0.00        0.00        0.00
        0.64        0.00        0.00
        0.00        0.00        0.00
scenario:
        0.38        0.00        0.00
        0.00        0.00        0.00
        0.00        0.00        0.00
        0.65        0.00        0.00
        0.00        0.00        0.00
scenario:
        0.58        0.00        0.00
        0.00        0.00        0.00
        0.00        0.00        0.00
        0.69        0.00        0.00
        0.00        0.00        0.00
scenario:
        0.47        0.00        0.00
        0.00        0.00        0.00
        0.00        0.00        0.00
        0.67        0.00        0.00
        0.00        0.00        0.00
scenario:
        0.76        0.00        0.00
        0.00        0.00        0.00
        0.00        0.00        0.00
        0.66        0.00        0.00
        0.00        0.00        0.00
scenario:
        0.42        0.00        0.00
        0.00        0.00        0.00
        0.00        0.00        0.00
        0.65        0.00        0.00
        0.00        0.00        0.00
scenario:
        0.44        0.00        0.00
        0.00        0.00        0.00
        0.00        0.00        0.00
        0.67        0.00        0.00
        0.00        0.00        0.00
scenario:
        0.39        0.00        0.00
        0.00        0.00        0.00
        0.00        0.00        0.00
        0.60        0.00        0.00
        0.00        0.00        0.00
scenario:
        0.54        0.00        0.00
        0.00        0.00        0.00
        0.00        0.00        0.00
        0.69        0.00        0.00
        0.00        0.00        0.00
scenario:
        0.47        0.00        0.00
        0.00        0.00        0.00
        0.00        0.00        0.00
        0.60        0.00        0.00
        0.00        0.00        0.00
scenario:
        0.53        0.00        0.00
        0.00        0.00        0.00
        0.00        0.00        0.00
        0.63        0.00        0.00
        0.00        0.00        0.00
scenario:
        0.47        0.00        0.00
        0.00        0.00        0.00
        0.00        0.00        0.00
        0.72        0.00        0.00
        0.00        0.00        0.00
scenario:
        0.48        0.00        0.00
        0.00        0.00        0.00
        0.00        0.00        0.00
        0.71        0.00        0.00
        0.00        0.00        0.00
scenario:
        0.40        0.00        0.00
        0.00        0.00        0.00
        0.00        0.00        0.00
        0.65        0.00        0.00
        0.00        0.00        0.00
scenario:
        0.41        0.00        0.00
        0.00        0.00        0.00
        0.00        0.00        0.00
        0.68        0.00        0.00
        0.00        0.00        0.00
scenario:
        0.48        0.00        0.00
        0.00        0.00        0.00
        0.00        0.00        0.00
        0.63        0.00        0.00
        0.00        0.00        0.00
scenario:
        0.40        0.00        0.00
        0.00        0.00        0.00
        0.00        0.00        0.00
        0.66        0.00        0.00
        0.00        0.00        0.00
scenario:
        0.71        0.00        0.00
        0.00        0.00        0.00
        0.00        0.00        0.00
        0.71        0.00        0.00
        0.00        0.00        0.00
scenario:
        0.56        0.00        0.00
        0.00        0.00        0.00
        0.00        0.00        0.00
        0.62        0.00        0.00
        0.00        0.00        0.00
scenario:
        0.62        0.00        0.00
        0.00        0.00        0.00
        0.00        0.00        0.00
        0.65        0.00        0.00
        0.00        0.00        0.00
scenario:
        0.62        0.00        0.00
        0.00        0.00        0.00
        0.00        0.00        0.00
        0.62        0.00        0.00
        0.00        0.00        0.00
scenario:
        0.47        0.00        0.00
        0.00        0.00        0.00
        0.00        0.00        0.00
        0.64        0.00        0.00
        0.00        0.00        0.00
scenario:
        0.71        0.00        0.00
        0.00        0.00        0.00
        0.00        0.00        0.00
        0.68        0.00        0.00
        0.00        0.00        0.00
scenario:
        0.58        0.00        0.00
        0.00        0.00        0.00
        0.00        0.00        0.00
        0.66        0.00        0.00
        0.00        0.00        0.00
scenario:
        0.44        0.49        0.00
        0.00        0.00        0.00
        0.00        0.00        0.00
        1.11        0.00        0.47
        0.00        0.00        0.00
scenario:
        0.52        0.00        0.00
        0.00        0.00        0.00
        0.00        0.00        0.00
        0.64        0.00        0.00
        0.00        0.00        0.00
scenario:
        0.54        0.00        0.00
        0.00        0.00        0.00
        0.00        0.00        0.00
        0.66        0.00        0.00
        0.00        0.00        0.00
scenario:
        0.48        0.00        0.00
        0.00        0.00        0.00
        0.00        0.00        0.00
        0.59        0.00        0.00
        0.00        0.00        0.00
scenario:
        0.66        0.00        0.00
        0.00        0.00        0.00
        0.00        0.00        0.00
        0.67        0.00        0.00
        0.00        0.00        0.00
scenario:
        0.58        0.00        0.00
        0.00        0.00        0.00
        0.00        0.00        0.00
        0.59        0.00        0.00
        0.00        0.00        0.00
scenario:
        0.65        0.00        0.00
        0.00        0.00        0.00
        0.00        0.00        0.00
        0.62        0.00        0.00
        0.00        0.00        0.00
scenario:
        0.57        0.00        0.00
        0.00        0.00        0.00
        0.00        0.00        0.00
        0.70        0.00        0.00
        0.00        0.00        0.00
scenario:
        0.59        0.00        0.00
        0.00        0.00        0.00
        0.00        0.00        0.00
        0.70        0.00        0.00
        0.00        0.00        0.00
scenario:
        0.49        0.00        0.00
        0.00        0.00        0.00
        0.00        0.00        0.00
        0.64        0.00        0.00
        0.00        0.00        0.00
scenario:
        0.50        0.00        0.00
        0.00        0.00        0.00
        0.00        0.00        0.00
        0.67        0.00        0.00
        0.00        0.00        0.00
scenario:
        0.59        0.00        0.00
        0.00        0.00        0.00
        0.00        0.00        0.00
        0.62        0.00        0.00
        0.00        0.00        0.00
scenario:
        0.50        0.00        0.00
        0.00        0.00        0.00
        0.00        0.00        0.00
        0.65        0.00        0.00
        0.00        0.00        0.00
scenario:
        0.47        0.00        0.00
        0.00        0.00        0.00
        0.00        0.00        0.00
        0.75        0.00        0.00
        0.00        0.00        0.00
scenario:
        0.37        0.00        0.00
        0.00        0.00        0.00
        0.00        0.00        0.00
        0.66        0.00        0.00
        0.00        0.00        0.00
scenario:
        0.42        0.00        0.00
        0.00        0.00        0.00
        0.00        0.00        0.00
        0.68        0.00        0.00
        0.00        0.00        0.00
scenario:
        0.42        0.00        0.00
        0.00        0.00        0.00
        0.00        0.00        0.00
        0.66        0.00        0.00
        0.00        0.00        0.00
scenario:
        0.32        0.00        0.00
        0.00        0.00        0.00
        0.00        0.00        0.00
        0.68        0.00        0.00
        0.00        0.00        0.00
scenario:
        0.48        0.00        0.00
        0.00        0.00        0.00
        0.00        0.00        0.00
        0.71        0.00        0.00
        0.00        0.00        0.00
scenario:
        0.39        0.00        0.00
        0.00        0.00        0.00
        0.00        0.00        0.00
        0.70        0.00        0.00
        0.00        0.00        0.00
scenario:
        0.62        0.00        0.00
        0.00        0.00        0.00
        0.00        0.00        0.00
        0.68        0.00        0.00
        0.00        0.00        0.00
scenario:
        0.35        0.00        0.00
        0.00        0.00        0.00
        0.00        0.00        0.00
        0.68        0.00        0.00
        0.00        0.00        0.00
scenario:
        0.36        0.00        0.00
        0.00        0.00        0.00
        0.00        0.00        0.00
        0.70        0.00        0.00
        0.00        0.00        0.00
scenario:
        0.32        0.00        0.00
        0.00        0.00        0.00
        0.00        0.00        0.00
        0.63        0.00        0.00
        0.00        0.00        0.00
scenario:
        0.44        0.00        0.00
        0.00        0.00        0.00
        0.00        0.00        0.00
        0.71        0.00        0.00
        0.00        0.00        0.00
scenario:
        0.39        0.00        0.00
        0.00        0.00        0.00
        0.00        0.00        0.00
        0.62        0.00        0.00
        0.00        0.00        0.00
scenario:
        0.43        0.00        0.00
        0.00        0.00        0.00
        0.00        0.00        0.00
        0.66        0.00        0.00
        0.00        0.00        0.00
scenario:
        0.38        0.00        0.00
        0.00        0.00        0.00
        0.00        0.00        0.00
        0.74        0.00        0.00
        0.00        0.00        0.00
scenario:
        0.39        0.00        0.00
        0.00        0.00        0.00
        0.00        0.00        0.00
        0.74        0.00        0.00
        0.00        0.00        0.00
scenario:
        0.33        0.00        0.00
        0.00        0.00        0.00
        0.00        0.00        0.00
        0.67        0.00        0.00
        0.00        0.00        0.00
scenario:
        0.34        0.00        0.00
        0.00        0.00        0.00
        0.00        0.00        0.00
        0.71        0.00        0.00
        0.00        0.00        0.00
scenario:
        0.40        0.00        0.00
        0.00        0.00        0.00
        0.00        0.00        0.00
        0.66        0.00        0.00
        0.00        0.00        0.00
scenario:
        0.33        0.00        0.00
        0.00        0.00        0.00
        0.00        0.00        0.00
        0.69        0.00        0.00
        0.00        0.00        0.00
scenario:
        0.46        0.28        0.00
        0.00        0.00        0.00
        0.00        0.00        0.00
        0.97        0.00        0.26
        0.00        0.00        0.00
scenario:
        0.58        0.00        0.00
        0.00        0.00        0.00
        0.00        0.00        0.00
        0.62        0.00        0.00
        0.00        0.00        0.00
scenario:
        0.65        0.00        0.00
        0.00        0.00        0.00
        0.00        0.00        0.00
        0.65        0.00        0.00
        0.00        0.00        0.00
scenario:
        0.65        0.00        0.00
        0.00        0.00        0.00
        0.00        0.00        0.00
        0.62        0.00        0.00
        0.00        0.00        0.00
scenario:
        0.49        0.00        0.00
        0.00        0.00        0.00
        0.00        0.00        0.00
        0.64        0.00        0.00
        0.00        0.00        0.00
scenario:
        0.70        0.04        0.00
        0.00        0.00        0.00
        0.00        0.00        0.00
        0.72        0.00        0.04
        0.00        0.00        0.00
scenario:
        0.61        0.00        0.00
        0.00        0.00        0.00
        0.00        0.00        0.00
        0.66        0.00        0.00
        0.00        0.00        0.00
scenario:
        0.67        0.31        0.00
        0.00        0.00        0.00
        0.00        0.00        0.00
        0.94        0.00        0.30
        0.00        0.00        0.00
scenario:
        0.54        0.00        0.00
        0.00        0.00        0.00
        0.00        0.00        0.00
        0.64        0.00        0.00
        0.00        0.00        0.00
scenario:
        0.56        0.00        0.00
        0.00        0.00        0.00
        0.00        0.00        0.00
        0.66        0.00        0.00
        0.00        0.00        0.00
scenario:
        0.50        0.00        0.00
        0.00        0.00        0.00
        0.00        0.00        0.00
        0.59        0.00        0.00
        0.00        0.00        0.00
scenario:
        0.69        0.00        0.00
        0.00        0.00        0.00
        0.00        0.00        0.00
        0.67        0.00        0.00
        0.00        0.00        0.00
scenario:
        0.61        0.00        0.00
        0.00        0.00        0.00
        0.00        0.00        0.00
        0.59        0.00        0.00
        0.00        0.00        0.00
scenario:
        0.68        0.00        0.00
        0.00        0.00        0.00
        0.00        0.00        0.00
        0.62        0.00        0.00
        0.00        0.00        0.00
scenario:
        0.60        0.00        0.00
        0.00        0.00        0.00
        0.00        0.00        0.00
        0.70        0.00        0.00
        0.00        0.00        0.00
scenario:
        0.61        0.00        0.00
        0.00        0.00        0.00
        0.00        0.00        0.00
        0.70        0.00        0.00
        0.00        0.00        0.00
scenario:
        0.52        0.00        0.00
        0.00        0.00        0.00
        0.00        0.00        0.00
        0.64        0.00        0.00
        0.00        0.00        0.00
scenario:
        0.52        0.00        0.00
        0.00        0.00        0.00
        0.00        0.00        0.00
        0.67        0.00        0.00
        0.00        0.00        0.00
scenario:
        0.62        0.00        0.00
        0.00        0.00        0.00
        0.00        0.00        0.00
        0.62        0.00        0.00
        0.00        0.00        0.00
scenario:
        0.52        0.00        0.00
        0.00        0.00        0.00
        0.00        0.00        0.00
        0.65        0.00        0.00
        0.00        0.00        0.00
scenario:
        0.52        0.00        0.00
        0.00        0.00        0.00
        0.00        0.00        0.00
        0.67        0.00        0.00
        0.00        0.00        0.00
scenario:
        0.42        0.00        0.00
        0.00        0.00        0.00
        0.00        0.00        0.00
        0.59        0.00        0.00
        0.00        0.00        0.00
scenario:
        0.46        0.00        0.00
        0.00        0.00        0.00
        0.00        0.00        0.00
        0.62        0.00        0.00
        0.00        0.00        0.00
scenario:
        0.46        0.00        0.00
        0.00        0.00        0.00
        0.00        0.00        0.00
        0.59        0.00        0.00
        0.00        0.00        0.00
scenario:
        0.35        0.00        0.00
        0.00        0.00        0.00
        0.00        0.00        0.00
        0.61        0.00        0.00
        0.00        0.00        0.00
scenario:
        0.53        0.00        0.00
        0.00        0.00        0.00
        0.00        0.00        0.00
        0.64        0.00        0.00
        0.00        0.00        0.00
scenario:
        0.43        0.00        0.00
        0.00        0.00        0.00
        0.00        0.00        0.00
        0.62        0.00        0.00
        0.00        0.00        0.00
scenario:
        0.69        0.00        0.00
        0.00        0.00        0.00
        0.00        0.00        0.00
        0.61        0.00        0.00
        0.00        0.00        0.00
scenario:
        0.39        0.00        0.00
        0.00        0.00        0.00
        0.00        0.00        0.00
        0.61        0.00        0.00
        0.00        0.00        0.00
scenario:
        0.40        0.00        0.00
        0.00        0.00        0.00
        0.00        0.00        0.00
        0.62        0.00        0.00
        0.00        0.00        0.00
scenario:
        0.36        0.00        0.00
        0.00        0.00        0.00
        0.00        0.00        0.00
        0.56        0.00        0.00
        0.00        0.00        0.00
scenario:
        0.49        0.00        0.00
        0.00        0.00        0.00
        0.00        0.00        0.00
        0.64        0.00        0.00
        0.00        0.00        0.00
scenario:
        0.43        0.00        0.00
        0.00        0.00        0.00
        0.00        0.00        0.00
        0.56        0.00        0.00
        0.00        0.00        0.00
scenario:
        0.48        0.00        0.00
        0.00        0.00        0.00
        0.00        0.00        0.00
        0.59        0.00        0.00
        0.00        0.00        0.00
scenario:
        0.43        0.00        0.00
        0.00        0.00        0.00
        0.00        0.00        0.00
        0.67        0.00        0.00
        0.00        0.00        0.00
scenario:
        0.43        0.00        0.00
        0.00        0.00        0.00
        0.00        0.00        0.00
        0.66        0.00        0.00
        0.00        0.00        0.00
scenario:
        0.37        0.00        0.00
        0.00        0.00        0.00
        0.00        0.00        0.00
        0.61        0.00        0.00
        0.00        0.00        0.00
scenario:
        0.37        0.00        0.00
        0.00        0.00        0.00
        0.00        0.00        0.00
        0.64        0.00        0.00
        0.00        0.00        0.00
scenario:
        0.44        0.00        0.00
        0.00        0.00        0.00
        0.00        0.00        0.00
        0.59        0.00        0.00
        0.00        0.00        0.00
scenario:
        0.37        0.00        0.00
        0.00        0.00        0.00
        0.00        0.00        0.00
        0.62        0.00        0.00
        0.00        0.00        0.00
scenario:
        0.61        0.00        0.00
        0.00        0.00        0.00
        0.00        0.00        0.00
        0.69        0.00        0.00
        0.00        0.00        0.00
scenario:
        0.48        0.00        0.00
        0.00        0.00        0.00
        0.00        0.00        0.00
        0.60        0.00        0.00
        0.00        0.00        0.00
scenario:
        0.53        0.00        0.00
        0.00        0.00        0.00
        0.00        0.00        0.00
        0.63        0.00        0.00
        0.00        0.00        0.00
scenario:
        0.53        0.00        0.00
        0.00        0.00        0.00
        0.00        0.00        0.00
        0.60        0.00        0.00
        0.00        0.00        0.00
scenario:
        0.41        0.00        0.00
        0.00        0.00        0.00
        0.00        0.00        0.00
        0.62        0.00        0.00
        0.00        0.00        0.00
scenario:
        0.61        0.00        0.00
        0.00        0.00        0.00
        0.00        0.00        0.00
        0.65        0.00        0.00
        0.00        0.00        0.00
scenario:
        0.50        0.00        0.00
        0.00        0.00        0.00
        0.00        0.00        0.00
        0.64        0.00        0.00
        0.00        0.00        0.00
scenario:
        0.66        0.14        0.00
        0.00        0.00        0.00
        0.00        0.00        0.00
        0.76        0.00        0.13
        0.00        0.00        0.00
scenario:
        0.44        0.00        0.00
        0.00        0.00        0.00
        0.00        0.00        0.00
        0.62        0.00        0.00
        0.00        0.00        0.00
scenario:
        0.46        0.00        0.00
        0.00        0.00        0.00
        0.00        0.00        0.00
        0.64        0.00        0.00
        0.00        0.00        0.00
scenario:
        0.41        0.00        0.00
        0.00        0.00        0.00
        0.00        0.00        0.00
        0.57        0.00        0.00
        0.00        0.00        0.00
scenario:
        0.57        0.00        0.00
        0.00        0.00        0.00
        0.00        0.00        0.00
        0.65        0.00        0.00
        0.00        0.00        0.00
scenario:
        0.50        0.00        0.00
        0.00        0.00        0.00
        0.00        0.00        0.00
        0.57        0.00        0.00
        0.00        0.00        0.00
scenario:
        0.56        0.00        0.00
        0.00        0.00        0.00
        0.00        0.00        0.00
        0.60        0.00        0.00
        0.00        0.00        0.00
scenario:
        0.49        0.00        0.00
        0.00        0.00        0.00
        0.00        0.00        0.00
        0.68        0.00        0.00
        0.00        0.00        0.00
scenario:
        0.50        0.00        0.00
        0.00        0.00        0.00
        0.00        0.00        0.00
        0.68        0.00        0.00
        0.00        0.00        0.00
scenario:
        0.42        0.00        0.00
        0.00        0.00        0.00
        0.00        0.00        0.00
        0.62        0.00        0.00
        0.00        0.00        0.00
scenario:
        0.43        0.00        0.00
        0.00        0.00        0.00
        0.00        0.00        0.00
        0.65        0.00        0.00
        0.00        0.00        0.00
scenario:
        0.51        0.00        0.00
        0.00        0.00        0.00
        0.00        0.00        0.00
        0.60        0.00        0.00
        0.00        0.00        0.00
scenario:
        0.43        0.00        0.00
        0.00        0.00        0.00
        0.00        0.00        0.00
        0.63        0.00        0.00
        0.00        0.00        0.00
scenario:
        0.57        0.00        0.00
        0.00        0.00        0.00
        0.00        0.00        0.00
        0.66        0.00        0.00
        0.00        0.00        0.00
scenario:
        0.45        0.00        0.00
        0.00        0.00        0.00
        0.00        0.00        0.00
        0.58        0.00        0.00
        0.00        0.00        0.00
scenario:
        0.50        0.00        0.00
        0.00        0.00        0.00
        0.00        0.00        0.00
        0.60        0.00        0.00
        0.00        0.00        0.00
scenario:
        0.50        0.00        0.00
        0.00        0.00        0.00
        0.00        0.00        0.00
        0.58        0.00        0.00
        0.00        0.00        0.00
scenario:
        0.38        0.00        0.00
        0.00        0.00        0.00
        0.00        0.00        0.00
        0.60        0.00        0.00
        0.00        0.00        0.00
scenario:
        0.58        0.00        0.00
        0.00        0.00        0.00
        0.00        0.00        0.00
        0.63        0.00        0.00
        0.00        0.00        0.00
scenario:
        0.47        0.00        0.00
        0.00        0.00        0.00
        0.00        0.00        0.00
        0.61        0.00        0.00
        0.00        0.00        0.00
scenario:
        0.75        0.00        0.00
        0.00        0.00        0.00
        0.00        0.00        0.00
        0.60        0.00        0.00
        0.00        0.00        0.00
scenario:
        0.42        0.00        0.00
        0.00        0.00        0.00
        0.00        0.00        0.00
        0.60        0.00        0.00
        0.00        0.00        0.00
scenario:
        0.44        0.00        0.00
        0.00        0.00        0.00
        0.00        0.00        0.00
        0.61        0.00        0.00
        0.00        0.00        0.00
scenario:
        0.39        0.00        0.00
        0.00        0.00        0.00
        0.00        0.00        0.00
        0.55        0.00        0.00
        0.00        0.00        0.00
scenario:
        0.54        0.00        0.00
        0.00        0.00        0.00
        0.00        0.00        0.00
        0.63        0.00        0.00
        0.00        0.00        0.00
scenario:
        0.47        0.00        0.00
        0.00        0.00        0.00
        0.00        0.00        0.00
        0.55        0.00        0.00
        0.00        0.00        0.00
scenario:
        0.52        0.00        0.00
        0.00        0.00        0.00
        0.00        0.00        0.00
        0.58        0.00        0.00
        0.00        0.00        0.00
scenario:
        0.46        0.00        0.00
        0.00        0.00        0.00
        0.00        0.00        0.00
        0.66        0.00        0.00
        0.00        0.00        0.00
scenario:
        0.47        0.00        0.00
        0.00        0.00        0.00
        0.00        0.00        0.00
        0.65        0.00        0.00
        0.00        0.00        0.00
scenario:
        0.40        0.00        0.00
        0.00        0.00        0.00
        0.00        0.00        0.00
        0.60        0.00        0.00
        0.00        0.00        0.00
scenario:
        0.40        0.00        0.00
        0.00        0.00        0.00
        0.00        0.00        0.00
        0.63        0.00        0.00
        0.00        0.00        0.00
scenario:
        0.48        0.00        0.00
        0.00        0.00        0.00
        0.00        0.00        0.00
        0.58        0.00        0.00
        0.00        0.00        0.00
scenario:
        0.40        0.00        0.00
        0.00        0.00        0.00
        0.00        0.00        0.00
        0.61        0.00        0.00
        0.00        0.00        0.00
scenario:
        0.54        0.00        0.00
        0.00        0.00        0.00
        0.00        0.00        0.00
        0.74        0.00        0.00
        0.00        0.00        0.00
scenario:
        0.43        0.00        0.00
        0.00        0.00        0.00
        0.00        0.00        0.00
        0.65        0.00        0.00
        0.00        0.00        0.00
scenario:
        0.48        0.00        0.00
        0.00        0.00        0.00
        0.00        0.00        0.00
        0.68        0.00        0.00
        0.00        0.00        0.00
scenario:
        0.48        0.00        0.00
        0.00        0.00        0.00
        0.00        0.00        0.00
        0.65        0.00        0.00
        0.00        0.00        0.00
scenario:
        0.36        0.00        0.00
        0.00        0.00        0.00
        0.00        0.00        0.00
        0.67        0.00        0.00
        0.00        0.00        0.00
scenario:
        0.55        0.00        0.00
        0.00        0.00        0.00
        0.00        0.00        0.00
        0.71        0.00        0.00
        0.00        0.00        0.00
scenario:
        0.45        0.00        0.00
        0.00        0.00        0.00
        0.00        0.00        0.00
        0.69        0.00        0.00
        0.00        0.00        0.00
scenario:
        0.72        0.00        0.00
        0.00        0.00        0.00
        0.00        0.00        0.00
        0.68        0.00        0.00
        0.00        0.00        0.00
scenario:
        0.40        0.00        0.00
        0.00        0.00        0.00
        0.00        0.00        0.00
        0.67        0.00        0.00
        0.00        0.00        0.00
scenario:
        0.41        0.00        0.00
        0.00        0.00        0.00
        0.00        0.00        0.00
        0.69        0.00        0.00
        0.00        0.00        0.00
scenario:
        0.37        0.00        0.00
        0.00        0.00        0.00
        0.00        0.00        0.00
        0.62        0.00        0.00
        0.00        0.00        0.00
scenario:
        0.51        0.00        0.00
        0.00        0.00        0.00
        0.00        0.00        0.00
        0.71        0.00        0.00
        0.00        0.00        0.00
scenario:
        0.44        0.00        0.00
        0.00        0.00        0.00
        0.00        0.00        0.00
        0.62        0.00        0.00
        0.00        0.00        0.00
scenario:
        0.50        0.00        0.00
        0.00        0.00        0.00
        0.00        0.00        0.00
        0.65        0.00        0.00
        0.00        0.00        0.00
scenario:
        0.44        0.00        0.00
        0.00        0.00        0.00
        0.00        0.00        0.00
        0.74        0.00        0.00
        0.00        0.00        0.00
scenario:
        0.45        0.00        0.00
        0.00        0.00        0.00
        0.00        0.00        0.00
        0.73        0.00        0.00
        0.00        0.00        0.00
scenario:
        0.38        0.00        0.00
        0.00        0.00        0.00
        0.00        0.00        0.00
        0.67        0.00        0.00
        0.00        0.00        0.00
scenario:
        0.38        0.00        0.00
        0.00        0.00        0.00
        0.00        0.00        0.00
        0.70        0.00        0.00
        0.00        0.00        0.00
scenario:
        0.46        0.00        0.00
        0.00        0.00        0.00
        0.00        0.00        0.00
        0.65        0.00        0.00
        0.00        0.00        0.00
scenario:
        0.38        0.00        0.00
        0.00        0.00        0.00
        0.00        0.00        0.00
        0.68        0.00        0.00
        0.00        0.00        0.00
scenario:
        0.63        0.00        0.00
        0.00        0.00        0.00
        0.00        0.00        0.00
        0.63        0.00        0.00
        0.00        0.00        0.00
scenario:
        0.50        0.00        0.00
        0.00        0.00        0.00
        0.00        0.00        0.00
        0.55        0.00        0.00
        0.00        0.00        0.00
scenario:
        0.56        0.00        0.00
        0.00        0.00        0.00
        0.00        0.00        0.00
        0.58        0.00        0.00
        0.00        0.00        0.00
scenario:
        0.56        0.00        0.00
        0.00        0.00        0.00
        0.00        0.00        0.00
        0.55        0.00        0.00
        0.00        0.00        0.00
scenario:
        0.42        0.00        0.00
        0.00        0.00        0.00
        0.00        0.00        0.00
        0.57        0.00        0.00
        0.00        0.00        0.00
scenario:
        0.64        0.00        0.00
        0.00        0.00        0.00
        0.00        0.00        0.00
        0.60        0.00        0.00
        0.00        0.00        0.00
scenario:
        0.52        0.00        0.00
        0.00        0.00        0.00
        0.00        0.00        0.00
        0.58        0.00        0.00
        0.00        0.00        0.00
scenario:
        0.79        0.05        0.00
        0.00        0.00        0.00
        0.00        0.00        0.00
        0.62        0.00        0.04
        0.00        0.00        0.00
scenario:
        0.47        0.00        0.00
        0.00        0.00        0.00
        0.00        0.00        0.00
        0.57        0.00        0.00
        0.00        0.00        0.00
scenario:
        0.49        0.00        0.00
        0.00        0.00        0.00
        0.00        0.00        0.00
        0.58        0.00        0.00
        0.00        0.00        0.00
scenario:
        0.43        0.00        0.00
        0.00        0.00        0.00
        0.00        0.00        0.00
        0.53        0.00        0.00
        0.00        0.00        0.00
scenario:
        0.60        0.00        0.00
        0.00        0.00        0.00
        0.00        0.00        0.00
        0.60        0.00        0.00
        0.00        0.00        0.00
scenario:
        0.52        0.00        0.00
        0.00        0.00        0.00
        0.00        0.00        0.00
        0.52        0.00        0.00
        0.00        0.00        0.00
scenario:
        0.58        0.00        0.00
        0.00        0.00        0.00
        0.00        0.00        0.00
        0.55        0.00        0.00
        0.00        0.00        0.00
scenario:
        0.51        0.00        0.00
        0.00        0.00        0.00
        0.00        0.00        0.00
        0.62        0.00        0.00
        0.00        0.00        0.00
scenario:
        0.53        0.00        0.00
        0.00        0.00        0.00
        0.00        0.00        0.00
        0.62        0.00        0.00
        0.00        0.00        0.00
scenario:
        0.44        0.00        0.00
        0.00        0.00        0.00
        0.00        0.00        0.00
        0.57        0.00        0.00
        0.00        0.00        0.00
scenario:
        0.45        0.00        0.00
        0.00        0.00        0.00
        0.00        0.00        0.00
        0.60        0.00        0.00
        0.00        0.00        0.00
scenario:
        0.53        0.00        0.00
        0.00        0.00        0.00
        0.00        0.00        0.00
        0.55        0.00        0.00
        0.00        0.00        0.00
scenario:
        0.45        0.00        0.00
        0.00        0.00        0.00
        0.00        0.00        0.00
        0.58        0.00        0.00
        0.00        0.00        0.00
scenario:
        0.66        0.00        0.00
        0.00        0.00        0.00
        0.00        0.00        0.00
        0.63        0.00        0.00
        0.00        0.00        0.00
scenario:
        0.52        0.00        0.00
        0.00        0.00        0.00
        0.00        0.00        0.00
        0.55        0.00        0.00
        0.00        0.00        0.00
scenario:
        0.58        0.00        0.00
        0.00        0.00        0.00
        0.00        0.00        0.00
        0.58        0.00        0.00
        0.00        0.00        0.00
scenario:
        0.58        0.00        0.00
        0.00        0.00        0.00
        0.00        0.00        0.00
        0.56        0.00        0.00
        0.00        0.00        0.00
scenario:
        0.44        0.00        0.00
        0.00        0.00        0.00
        0.00        0.00        0.00
        0.57        0.00        0.00
        0.00        0.00        0.00
scenario:
        0.67        0.00        0.00
        0.00        0.00        0.00
        0.00        0.00        0.00
        0.60        0.00        0.00
        0.00        0.00        0.00
scenario:
        0.55        0.00        0.00
        0.00        0.00        0.00
        0.00        0.00        0.00
        0.59        0.00        0.00
        0.00        0.00        0.00
scenario:
        0.46        0.41        0.00
        0.00        0.00        0.00
        0.00        0.00        0.00
        0.97        0.00        0.40
        0.00        0.00        0.00
scenario:
        0.49        0.00        0.00
        0.00        0.00        0.00
        0.00        0.00        0.00
        0.57        0.00        0.00
        0.00        0.00        0.00
scenario:
        0.51        0.00        0.00
        0.00        0.00        0.00
        0.00        0.00        0.00
        0.59        0.00        0.00
        0.00        0.00        0.00
scenario:
        0.45        0.00        0.00
        0.00        0.00        0.00
        0.00        0.00        0.00
        0.53        0.00        0.00
        0.00        0.00        0.00
scenario:
        0.62        0.00        0.00
        0.00        0.00        0.00
        0.00        0.00        0.00
        0.60        0.00        0.00
        0.00        0.00        0.00
scenario:
        0.54        0.00        0.00
        0.00        0.00        0.00
        0.00        0.00        0.00
        0.53        0.00        0.00
        0.00        0.00        0.00
scenario:
        0.61        0.00        0.00
        0.00        0.00        0.00
        0.00        0.00        0.00
        0.56        0.00        0.00
        0.00        0.00        0.00
scenario:
        0.54        0.00        0.00
        0.00        0.00        0.00
        0.00        0.00        0.00
        0.63        0.00        0.00
        0.00        0.00        0.00
scenario:
        0.55        0.00        0.00
        0.00        0.00        0.00
        0.00        0.00        0.00
        0.62        0.00        0.00
        0.00        0.00        0.00
scenario:
        0.46        0.00        0.00
        0.00        0.00        0.00
        0.00        0.00        0.00
        0.57        0.00        0.00
        0.00        0.00        0.00
scenario:
        0.47        0.00        0.00
        0.00        0.00        0.00
        0.00        0.00        0.00
        0.60        0.00        0.00
        0.00        0.00        0.00
scenario:
        0.56        0.00        0.00
        0.00        0.00        0.00
        0.00        0.00        0.00
        0.56        0.00        0.00
        0.00        0.00        0.00
scenario:
        0.47        0.00        0.00
        0.00        0.00        0.00
        0.00        0.00        0.00
        0.58        0.00        0.00
        0.00        0.00        0.00
scenario:
        0.50        0.00        0.00
        0.00        0.00        0.00
        0.00        0.00        0.00
        0.63        0.00        0.00
        0.00        0.00        0.00
scenario:
        0.40        0.00        0.00
        0.00        0.00        0.00
        0.00        0.00        0.00
        0.55        0.00        0.00
        0.00        0.00        0.00
scenario:
        0.44        0.00        0.00
        0.00        0.00        0.00
        0.00        0.00        0.00
        0.58        0.00        0.00
        0.00        0.00        0.00
scenario:
        0.44        0.00        0.00
        0.00        0.00        0.00
        0.00        0.00        0.00
        0.56        0.00        0.00
        0.00        0.00        0.00
scenario:
        0.34        0.00        0.00
        0.00        0.00        0.00
        0.00        0.00        0.00
        0.57        0.00        0.00
        0.00        0.00        0.00
scenario:
        0.51        0.00        0.00
        0.00        0.00        0.00
        0.00        0.00        0.00
        0.60        0.00        0.00
        0.00        0.00        0.00
scenario:
        0.42        0.00        0.00
        0.00        0.00        0.00
        0.00        0.00        0.00
        0.59        0.00        0.00
        0.00        0.00        0.00
scenario:
        0.66        0.00        0.00
        0.00        0.00        0.00
        0.00        0.00        0.00
        0.58        0.00        0.00
        0.00        0.00        0.00
scenario:
        0.37        0.00        0.00
        0.00        0.00        0.00
        0.00        0.00        0.00
        0.57        0.00        0.00
        0.00        0.00        0.00
scenario:
        0.38        0.00        0.00
        0.00        0.00        0.00
        0.00        0.00        0.00
        0.59        0.00        0.00
        0.00        0.00        0.00
scenario:
        0.34        0.00        0.00
        0.00        0.00        0.00
        0.00        0.00        0.00
        0.53        0.00        0.00
        0.00        0.00        0.00
scenario:
        0.47        0.00        0.00
        0.00        0.00        0.00
        0.00        0.00        0.00
        0.60        0.00        0.00
        0.00        0.00        0.00
scenario:
        0.41        0.00        0.00
        0.00        0.00        0.00
        0.00        0.00        0.00
        0.53        0.00        0.00
        0.00        0.00        0.00
scenario:
        0.46        0.00        0.00
        0.00        0.00        0.00
        0.00        0.00        0.00
        0.56        0.00        0.00
        0.00        0.00        0.00
scenario:
        0.41        0.00        0.00
        0.00        0.00        0.00
        0.00        0.00        0.00
        0.63        0.00        0.00
        0.00        0.00        0.00
scenario:
        0.42        0.00        0.00
        0.00        0.00        0.00
        0.00        0.00        0.00
        0.62        0.00        0.00
        0.00        0.00        0.00
scenario:
        0.35        0.00        0.00
        0.00        0.00        0.00
        0.00        0.00        0.00
        0.57        0.00        0.00
        0.00        0.00        0.00
scenario:
        0.36        0.00        0.00
        0.00        0.00        0.00
        0.00        0.00        0.00
        0.60        0.00        0.00
        0.00        0.00        0.00
scenario:
        0.42        0.00        0.00
        0.00        0.00        0.00
        0.00        0.00        0.00
        0.56        0.00        0.00
        0.00        0.00        0.00
scenario:
        0.35        0.00        0.00
        0.00        0.00        0.00
        0.00        0.00        0.00
        0.58        0.00        0.00
        0.00        0.00        0.00
scenario:
        0.53        0.00        0.00
        0.00        0.00        0.00
        0.00        0.00        0.00
        0.68        0.00        0.00
        0.00        0.00        0.00
scenario:
        0.42        0.00        0.00
        0.00        0.00        0.00
        0.00        0.00        0.00
        0.60        0.00        0.00
        0.00        0.00        0.00
scenario:
        0.47        0.00        0.00
        0.00        0.00        0.00
        0.00        0.00        0.00
        0.62        0.00        0.00
        0.00        0.00        0.00
scenario:
        0.47        0.00        0.00
        0.00        0.00        0.00
        0.00        0.00        0.00
        0.60        0.00        0.00
        0.00        0.00        0.00
scenario:
        0.36        0.00        0.00
        0.00        0.00        0.00
        0.00        0.00        0.00
        0.61        0.00        0.00
        0.00        0.00        0.00
scenario:
        0.54        0.00        0.00
        0.00        0.00        0.00
        0.00        0.00        0.00
        0.65        0.00        0.00
        0.00        0.00        0.00
scenario:
        0.44        0.00        0.00
        0.00        0.00        0.00
        0.00        0.00        0.00
        0.63        0.00        0.00
        0.00        0.00        0.00
scenario:
        0.70        0.00        0.00
        0.00        0.00        0.00
        0.00        0.00        0.00
        0.62        0.00        0.00
        0.00        0.00        0.00
scenario:
        0.39        0.00        0.00
        0.00        0.00        0.00
        0.00        0.00        0.00
        0.61        0.00        0.00
        0.00        0.00        0.00
scenario:
        0.41        0.00        0.00
        0.00        0.00        0.00
        0.00        0.00        0.00
        0.63        0.00        0.00
        0.00        0.00        0.00
scenario:
        0.36        0.00        0.00
        0.00        0.00        0.00
        0.00        0.00        0.00
        0.57        0.00        0.00
        0.00        0.00        0.00
scenario:
        0.50        0.00        0.00
        0.00        0.00        0.00
        0.00        0.00        0.00
        0.65        0.00        0.00
        0.00        0.00        0.00
scenario:
        0.44        0.00        0.00
        0.00        0.00        0.00
        0.00        0.00        0.00
        0.57        0.00        0.00
        0.00        0.00        0.00
scenario:
        0.49        0.00        0.00
        0.00        0.00        0.00
        0.00        0.00        0.00
        0.60        0.00        0.00
        0.00        0.00        0.00
scenario:
        0.43        0.00        0.00
        0.00        0.00        0.00
        0.00        0.00        0.00
        0.67        0.00        0.00
        0.00        0.00        0.00
scenario:
        0.44        0.00        0.00
        0.00        0.00        0.00
        0.00        0.00        0.00
        0.67        0.00        0.00
        0.00        0.00        0.00
scenario:
        0.37        0.00        0.00
        0.00        0.00        0.00
        0.00        0.00        0.00
        0.61        0.00        0.00
        0.00        0.00        0.00
scenario:
        0.38        0.00        0.00
        0.00        0.00        0.00
        0.00        0.00        0.00
        0.64        0.00        0.00
        0.00        0.00        0.00
scenario:
        0.45        0.00        0.00
        0.00        0.00        0.00
        0.00        0.00        0.00
        0.60        0.00        0.00
        0.00        0.00        0.00
scenario:
        0.37        0.00        0.00
        0.00        0.00        0.00
        0.00        0.00        0.00
        0.63        0.00        0.00
        0.00        0.00        0.00
scenario:
        0.51        0.00        0.00
        0.00        0.00        0.00
        0.00        0.00        0.00
        0.67        0.00        0.00
        0.00        0.00        0.00
scenario:
        0.40        0.00        0.00
        0.00        0.00        0.00
        0.00        0.00        0.00
        0.59        0.00        0.00
        0.00        0.00        0.00
scenario:
        0.44        0.00        0.00
        0.00        0.00        0.00
        0.00        0.00        0.00
        0.61        0.00        0.00
        0.00        0.00        0.00
scenario:
        0.45        0.00        0.00
        0.00        0.00        0.00
        0.00        0.00        0.00
        0.59        0.00        0.00
        0.00        0.00        0.00
scenario:
        0.34        0.00        0.00
        0.00        0.00        0.00
        0.00        0.00        0.00
        0.60        0.00        0.00
        0.00        0.00        0.00
scenario:
        0.51        0.00        0.00
        0.00        0.00        0.00
        0.00        0.00        0.00
        0.64        0.00        0.00
        0.00        0.00        0.00
scenario:
        0.42        0.00        0.00
        0.00        0.00        0.00
        0.00        0.00        0.00
        0.62        0.00        0.00
        0.00        0.00        0.00
scenario:
        0.67        0.00        0.00
        0.00        0.00        0.00
        0.00        0.00        0.00
        0.61        0.00        0.00
        0.00        0.00        0.00
scenario:
        0.37        0.00        0.00
        0.00        0.00        0.00
        0.00        0.00        0.00
        0.60        0.00        0.00
        0.00        0.00        0.00
scenario:
        0.39        0.00        0.00
        0.00        0.00        0.00
        0.00        0.00        0.00
        0.62        0.00        0.00
        0.00        0.00        0.00
scenario:
        0.34        0.00        0.00
        0.00        0.00        0.00
        0.00        0.00        0.00
        0.56        0.00        0.00
        0.00        0.00        0.00
scenario:
        0.48        0.00        0.00
        0.00        0.00        0.00
        0.00        0.00        0.00
        0.64        0.00        0.00
        0.00        0.00        0.00
scenario:
        0.42        0.00        0.00
        0.00        0.00        0.00
        0.00        0.00        0.00
        0.56        0.00        0.00
        0.00        0.00        0.00
scenario:
        0.47        0.00        0.00
        0.00        0.00        0.00
        0.00        0.00        0.00
        0.59        0.00        0.00
        0.00        0.00        0.00
scenario:
        0.41        0.00        0.00
        0.00        0.00        0.00
        0.00        0.00        0.00
        0.66        0.00        0.00
        0.00        0.00        0.00
scenario:
        0.42        0.00        0.00
        0.00        0.00        0.00
        0.00        0.00        0.00
        0.66        0.00        0.00
        0.00        0.00        0.00
scenario:
        0.35        0.00        0.00
        0.00        0.00        0.00
        0.00        0.00        0.00
        0.60        0.00        0.00
        0.00        0.00        0.00
scenario:
        0.36        0.00        0.00
        0.00        0.00        0.00
        0.00        0.00        0.00
        0.63        0.00        0.00
        0.00        0.00        0.00
scenario:
        0.43        0.00        0.00
        0.00        0.00        0.00
        0.00        0.00        0.00
        0.59        0.00        0.00
        0.00        0.00        0.00
scenario:
        0.36        0.00        0.00
        0.00        0.00        0.00
        0.00        0.00        0.00
        0.61        0.00        0.00
        0.00        0.00        0.00
